1, 0.0, 0.0
2, 0.00019999999999999998, 0.0
3, 0.00039999999999999996, 0.0
4, 0.0006, 0.0
5, 0.0007999999999999999, 0.0
6, 0.001, 0.0
7, 0.0012000000000000001, 0.0
8, 0.0014000000000000002, 0.0
9, 0.0016000000000000003, 0.0
10, 0.0018000000000000004, 0.0
11, 0.0020000000000000005, 0.0
12, 0.0022000000000000006, 0.0
13, 0.0024000000000000007, 0.0
14, 0.0026000000000000007, 0.0
15, 0.002800000000000001, 0.0
16, 0.003000000000000001, 0.0
17, 0.003200000000000001, 0.0
18, 0.003400000000000001, 0.0
19, 0.003600000000000001, 0.0
20, 0.0038000000000000013, 0.0
21, 0.004000000000000001, 0.0
22, 0.004200000000000001, 0.0
23, 0.0044, 0.0
24, 0.0046, 0.0
25, 0.0048, 0.0
26, 0.004999999999999999, 0.0
27, 0.005199999999999999, 0.0
28, 0.0053999999999999986, 0.0
29, 0.005599999999999998, 0.0
30, 0.005799999999999998, 0.0
31, 0.0059999999999999975, 0.0
32, 0.006199999999999997, 0.0
33, 0.006399999999999997, 0.0
34, 0.0065999999999999965, 0.0
35, 0.006799999999999996, 0.0
36, 0.006999999999999996, 0.0
37, 0.0071999999999999955, 0.0
38, 0.007399999999999995, 0.0
39, 0.007599999999999995, 0.0
40, 0.0077999999999999944, 0.0
41, 0.007999999999999995, 0.0
42, 0.008199999999999995, 0.0
43, 0.008399999999999996, 0.0
44, 0.008599999999999997, 0.0
45, 0.008799999999999997, 0.0
46, 0.008999999999999998, 0.0
47, 0.009199999999999998, 0.0
48, 0.009399999999999999, 0.0
49, 0.0096, 0.0
50, 0.0098, 0.0
51, 0.01, 0.0
52, 0.0102, 0.0
53, 0.010400000000000001, 0.0
54, 0.010600000000000002, 0.0
55, 0.010800000000000002, 0.0
56, 0.011000000000000003, 0.0
57, 0.011200000000000003, 0.0
58, 0.011400000000000004, 0.0
59, 0.011600000000000004, 0.0
60, 0.011800000000000005, 0.0
61, 0.012000000000000005, 0.0
62, 0.012200000000000006, 0.0
63, 0.012400000000000007, 0.0
64, 0.012600000000000007, 0.0
65, 0.012800000000000008, 0.0
66, 0.013000000000000008, 0.0
67, 0.013200000000000009, 0.0
68, 0.013400000000000009, 0.0
69, 0.01360000000000001, 0.0
70, 0.01380000000000001, 0.0
71, 0.01400000000000001, 0.0
72, 0.014200000000000011, 0.0
73, 0.014400000000000012, 0.0
74, 0.014600000000000012, 0.0
75, 0.014800000000000013, 0.0
76, 0.015000000000000013, 0.0
77, 0.0, 0.00022857142857142854
78, 0.00019999999999999998, 0.00022857142857142854
79, 0.00039999999999999996, 0.00022857142857142854
80, 0.0006, 0.00022857142857142854
81, 0.0007999999999999999, 0.00022857142857142854
82, 0.001, 0.00022857142857142854
83, 0.0012000000000000001, 0.00022857142857142854
84, 0.0014000000000000002, 0.00022857142857142854
85, 0.0016000000000000003, 0.00022857142857142854
86, 0.0018000000000000004, 0.00022857142857142854
87, 0.0020000000000000005, 0.00022857142857142854
88, 0.0022000000000000006, 0.00022857142857142854
89, 0.0024000000000000007, 0.00022857142857142854
90, 0.0026000000000000007, 0.00022857142857142854
91, 0.002800000000000001, 0.00022857142857142854
92, 0.003000000000000001, 0.00022857142857142854
93, 0.003200000000000001, 0.00022857142857142854
94, 0.003400000000000001, 0.00022857142857142854
95, 0.003600000000000001, 0.00022857142857142854
96, 0.0038000000000000013, 0.00022857142857142854
97, 0.004000000000000001, 0.00022857142857142854
98, 0.004200000000000001, 0.00022857142857142854
99, 0.0044, 0.00022857142857142854
100, 0.0046, 0.00022857142857142854
101, 0.0048, 0.00022857142857142854
102, 0.004999999999999999, 0.00022857142857142854
103, 0.005199999999999999, 0.00022857142857142854
104, 0.0053999999999999986, 0.00022857142857142854
105, 0.005599999999999998, 0.00022857142857142854
106, 0.005799999999999998, 0.00022857142857142854
107, 0.0059999999999999975, 0.00022857142857142854
108, 0.006199999999999997, 0.00022857142857142854
109, 0.006399999999999997, 0.00022857142857142854
110, 0.0065999999999999965, 0.00022857142857142854
111, 0.006799999999999996, 0.00022857142857142854
112, 0.006999999999999996, 0.00022857142857142854
113, 0.0071999999999999955, 0.00022857142857142854
114, 0.007399999999999995, 0.00022857142857142854
115, 0.007599999999999995, 0.00022857142857142854
116, 0.0077999999999999944, 0.00022857142857142854
117, 0.007999999999999995, 0.00022857142857142854
118, 0.008199999999999995, 0.00022857142857142854
119, 0.008399999999999996, 0.00022857142857142854
120, 0.008599999999999997, 0.00022857142857142854
121, 0.008799999999999997, 0.00022857142857142854
122, 0.008999999999999998, 0.00022857142857142854
123, 0.009199999999999998, 0.00022857142857142854
124, 0.009399999999999999, 0.00022857142857142854
125, 0.0096, 0.00022857142857142854
126, 0.0098, 0.00022857142857142854
127, 0.01, 0.00022857142857142854
128, 0.0102, 0.00022857142857142854
129, 0.010400000000000001, 0.00022857142857142854
130, 0.010600000000000002, 0.00022857142857142854
131, 0.010800000000000002, 0.00022857142857142854
132, 0.011000000000000003, 0.00022857142857142854
133, 0.011200000000000003, 0.00022857142857142854
134, 0.011400000000000004, 0.00022857142857142854
135, 0.011600000000000004, 0.00022857142857142854
136, 0.011800000000000005, 0.00022857142857142854
137, 0.012000000000000005, 0.00022857142857142854
138, 0.012200000000000006, 0.00022857142857142854
139, 0.012400000000000007, 0.00022857142857142854
140, 0.012600000000000007, 0.00022857142857142854
141, 0.012800000000000008, 0.00022857142857142854
142, 0.013000000000000008, 0.00022857142857142854
143, 0.013200000000000009, 0.00022857142857142854
144, 0.013400000000000009, 0.00022857142857142854
145, 0.01360000000000001, 0.00022857142857142854
146, 0.01380000000000001, 0.00022857142857142854
147, 0.01400000000000001, 0.00022857142857142854
148, 0.014200000000000011, 0.00022857142857142854
149, 0.014400000000000012, 0.00022857142857142854
150, 0.014600000000000012, 0.00022857142857142854
151, 0.014800000000000013, 0.00022857142857142854
152, 0.015000000000000013, 0.00022857142857142854
153, 0.0, 0.0004571428571428571
154, 0.00019999999999999998, 0.0004571428571428571
155, 0.00039999999999999996, 0.0004571428571428571
156, 0.0006, 0.0004571428571428571
157, 0.0007999999999999999, 0.0004571428571428571
158, 0.001, 0.0004571428571428571
159, 0.0012000000000000001, 0.0004571428571428571
160, 0.0014000000000000002, 0.0004571428571428571
161, 0.0016000000000000003, 0.0004571428571428571
162, 0.0018000000000000004, 0.0004571428571428571
163, 0.0020000000000000005, 0.0004571428571428571
164, 0.0022000000000000006, 0.0004571428571428571
165, 0.0024000000000000007, 0.0004571428571428571
166, 0.0026000000000000007, 0.0004571428571428571
167, 0.002800000000000001, 0.0004571428571428571
168, 0.003000000000000001, 0.0004571428571428571
169, 0.003200000000000001, 0.0004571428571428571
170, 0.003400000000000001, 0.0004571428571428571
171, 0.003600000000000001, 0.0004571428571428571
172, 0.0038000000000000013, 0.0004571428571428571
173, 0.004000000000000001, 0.0004571428571428571
174, 0.004200000000000001, 0.0004571428571428571
175, 0.0044, 0.0004571428571428571
176, 0.0046, 0.0004571428571428571
177, 0.0048, 0.0004571428571428571
178, 0.004999999999999999, 0.0004571428571428571
179, 0.005199999999999999, 0.0004571428571428571
180, 0.0053999999999999986, 0.0004571428571428571
181, 0.005599999999999998, 0.0004571428571428571
182, 0.005799999999999998, 0.0004571428571428571
183, 0.0059999999999999975, 0.0004571428571428571
184, 0.006199999999999997, 0.0004571428571428571
185, 0.006399999999999997, 0.0004571428571428571
186, 0.0065999999999999965, 0.0004571428571428571
187, 0.006799999999999996, 0.0004571428571428571
188, 0.006999999999999996, 0.0004571428571428571
189, 0.0071999999999999955, 0.0004571428571428571
190, 0.007399999999999995, 0.0004571428571428571
191, 0.007599999999999995, 0.0004571428571428571
192, 0.0077999999999999944, 0.0004571428571428571
193, 0.007999999999999995, 0.0004571428571428571
194, 0.008199999999999995, 0.0004571428571428571
195, 0.008399999999999996, 0.0004571428571428571
196, 0.008599999999999997, 0.0004571428571428571
197, 0.008799999999999997, 0.0004571428571428571
198, 0.008999999999999998, 0.0004571428571428571
199, 0.009199999999999998, 0.0004571428571428571
200, 0.009399999999999999, 0.0004571428571428571
201, 0.0096, 0.0004571428571428571
202, 0.0098, 0.0004571428571428571
203, 0.01, 0.0004571428571428571
204, 0.0102, 0.0004571428571428571
205, 0.010400000000000001, 0.0004571428571428571
206, 0.010600000000000002, 0.0004571428571428571
207, 0.010800000000000002, 0.0004571428571428571
208, 0.011000000000000003, 0.0004571428571428571
209, 0.011200000000000003, 0.0004571428571428571
210, 0.011400000000000004, 0.0004571428571428571
211, 0.011600000000000004, 0.0004571428571428571
212, 0.011800000000000005, 0.0004571428571428571
213, 0.012000000000000005, 0.0004571428571428571
214, 0.012200000000000006, 0.0004571428571428571
215, 0.012400000000000007, 0.0004571428571428571
216, 0.012600000000000007, 0.0004571428571428571
217, 0.012800000000000008, 0.0004571428571428571
218, 0.013000000000000008, 0.0004571428571428571
219, 0.013200000000000009, 0.0004571428571428571
220, 0.013400000000000009, 0.0004571428571428571
221, 0.01360000000000001, 0.0004571428571428571
222, 0.01380000000000001, 0.0004571428571428571
223, 0.01400000000000001, 0.0004571428571428571
224, 0.014200000000000011, 0.0004571428571428571
225, 0.014400000000000012, 0.0004571428571428571
226, 0.014600000000000012, 0.0004571428571428571
227, 0.014800000000000013, 0.0004571428571428571
228, 0.015000000000000013, 0.0004571428571428571
229, 0.0, 0.0006857142857142856
230, 0.00019999999999999998, 0.0006857142857142856
231, 0.00039999999999999996, 0.0006857142857142856
232, 0.0006, 0.0006857142857142856
233, 0.0007999999999999999, 0.0006857142857142856
234, 0.001, 0.0006857142857142856
235, 0.0012000000000000001, 0.0006857142857142856
236, 0.0014000000000000002, 0.0006857142857142856
237, 0.0016000000000000003, 0.0006857142857142856
238, 0.0018000000000000004, 0.0006857142857142856
239, 0.0020000000000000005, 0.0006857142857142856
240, 0.0022000000000000006, 0.0006857142857142856
241, 0.0024000000000000007, 0.0006857142857142856
242, 0.0026000000000000007, 0.0006857142857142856
243, 0.002800000000000001, 0.0006857142857142856
244, 0.003000000000000001, 0.0006857142857142856
245, 0.003200000000000001, 0.0006857142857142856
246, 0.003400000000000001, 0.0006857142857142856
247, 0.003600000000000001, 0.0006857142857142856
248, 0.0038000000000000013, 0.0006857142857142856
249, 0.004000000000000001, 0.0006857142857142856
250, 0.004200000000000001, 0.0006857142857142856
251, 0.0044, 0.0006857142857142856
252, 0.0046, 0.0006857142857142856
253, 0.0048, 0.0006857142857142856
254, 0.004999999999999999, 0.0006857142857142856
255, 0.005199999999999999, 0.0006857142857142856
256, 0.0053999999999999986, 0.0006857142857142856
257, 0.005599999999999998, 0.0006857142857142856
258, 0.005799999999999998, 0.0006857142857142856
259, 0.0059999999999999975, 0.0006857142857142856
260, 0.006199999999999997, 0.0006857142857142856
261, 0.006399999999999997, 0.0006857142857142856
262, 0.0065999999999999965, 0.0006857142857142856
263, 0.006799999999999996, 0.0006857142857142856
264, 0.006999999999999996, 0.0006857142857142856
265, 0.0071999999999999955, 0.0006857142857142856
266, 0.007399999999999995, 0.0006857142857142856
267, 0.007599999999999995, 0.0006857142857142856
268, 0.0077999999999999944, 0.0006857142857142856
269, 0.007999999999999995, 0.0006857142857142856
270, 0.008199999999999995, 0.0006857142857142856
271, 0.008399999999999996, 0.0006857142857142856
272, 0.008599999999999997, 0.0006857142857142856
273, 0.008799999999999997, 0.0006857142857142856
274, 0.008999999999999998, 0.0006857142857142856
275, 0.009199999999999998, 0.0006857142857142856
276, 0.009399999999999999, 0.0006857142857142856
277, 0.0096, 0.0006857142857142856
278, 0.0098, 0.0006857142857142856
279, 0.01, 0.0006857142857142856
280, 0.0102, 0.0006857142857142856
281, 0.010400000000000001, 0.0006857142857142856
282, 0.010600000000000002, 0.0006857142857142856
283, 0.010800000000000002, 0.0006857142857142856
284, 0.011000000000000003, 0.0006857142857142856
285, 0.011200000000000003, 0.0006857142857142856
286, 0.011400000000000004, 0.0006857142857142856
287, 0.011600000000000004, 0.0006857142857142856
288, 0.011800000000000005, 0.0006857142857142856
289, 0.012000000000000005, 0.0006857142857142856
290, 0.012200000000000006, 0.0006857142857142856
291, 0.012400000000000007, 0.0006857142857142856
292, 0.012600000000000007, 0.0006857142857142856
293, 0.012800000000000008, 0.0006857142857142856
294, 0.013000000000000008, 0.0006857142857142856
295, 0.013200000000000009, 0.0006857142857142856
296, 0.013400000000000009, 0.0006857142857142856
297, 0.01360000000000001, 0.0006857142857142856
298, 0.01380000000000001, 0.0006857142857142856
299, 0.01400000000000001, 0.0006857142857142856
300, 0.014200000000000011, 0.0006857142857142856
301, 0.014400000000000012, 0.0006857142857142856
302, 0.014600000000000012, 0.0006857142857142856
303, 0.014800000000000013, 0.0006857142857142856
304, 0.015000000000000013, 0.0006857142857142856
305, 0.0, 0.0009142857142857142
306, 0.00019999999999999998, 0.0009142857142857142
307, 0.00039999999999999996, 0.0009142857142857142
308, 0.0006, 0.0009142857142857142
309, 0.0007999999999999999, 0.0009142857142857142
310, 0.001, 0.0009142857142857142
311, 0.0012000000000000001, 0.0009142857142857142
312, 0.0014000000000000002, 0.0009142857142857142
313, 0.0016000000000000003, 0.0009142857142857142
314, 0.0018000000000000004, 0.0009142857142857142
315, 0.0020000000000000005, 0.0009142857142857142
316, 0.0022000000000000006, 0.0009142857142857142
317, 0.0024000000000000007, 0.0009142857142857142
318, 0.0026000000000000007, 0.0009142857142857142
319, 0.002800000000000001, 0.0009142857142857142
320, 0.003000000000000001, 0.0009142857142857142
321, 0.003200000000000001, 0.0009142857142857142
322, 0.003400000000000001, 0.0009142857142857142
323, 0.003600000000000001, 0.0009142857142857142
324, 0.0038000000000000013, 0.0009142857142857142
325, 0.004000000000000001, 0.0009142857142857142
326, 0.004200000000000001, 0.0009142857142857142
327, 0.0044, 0.0009142857142857142
328, 0.0046, 0.0009142857142857142
329, 0.0048, 0.0009142857142857142
330, 0.004999999999999999, 0.0009142857142857142
331, 0.005199999999999999, 0.0009142857142857142
332, 0.0053999999999999986, 0.0009142857142857142
333, 0.005599999999999998, 0.0009142857142857142
334, 0.005799999999999998, 0.0009142857142857142
335, 0.0059999999999999975, 0.0009142857142857142
336, 0.006199999999999997, 0.0009142857142857142
337, 0.006399999999999997, 0.0009142857142857142
338, 0.0065999999999999965, 0.0009142857142857142
339, 0.006799999999999996, 0.0009142857142857142
340, 0.006999999999999996, 0.0009142857142857142
341, 0.0071999999999999955, 0.0009142857142857142
342, 0.007399999999999995, 0.0009142857142857142
343, 0.007599999999999995, 0.0009142857142857142
344, 0.0077999999999999944, 0.0009142857142857142
345, 0.007999999999999995, 0.0009142857142857142
346, 0.008199999999999995, 0.0009142857142857142
347, 0.008399999999999996, 0.0009142857142857142
348, 0.008599999999999997, 0.0009142857142857142
349, 0.008799999999999997, 0.0009142857142857142
350, 0.008999999999999998, 0.0009142857142857142
351, 0.009199999999999998, 0.0009142857142857142
352, 0.009399999999999999, 0.0009142857142857142
353, 0.0096, 0.0009142857142857142
354, 0.0098, 0.0009142857142857142
355, 0.01, 0.0009142857142857142
356, 0.0102, 0.0009142857142857142
357, 0.010400000000000001, 0.0009142857142857142
358, 0.010600000000000002, 0.0009142857142857142
359, 0.010800000000000002, 0.0009142857142857142
360, 0.011000000000000003, 0.0009142857142857142
361, 0.011200000000000003, 0.0009142857142857142
362, 0.011400000000000004, 0.0009142857142857142
363, 0.011600000000000004, 0.0009142857142857142
364, 0.011800000000000005, 0.0009142857142857142
365, 0.012000000000000005, 0.0009142857142857142
366, 0.012200000000000006, 0.0009142857142857142
367, 0.012400000000000007, 0.0009142857142857142
368, 0.012600000000000007, 0.0009142857142857142
369, 0.012800000000000008, 0.0009142857142857142
370, 0.013000000000000008, 0.0009142857142857142
371, 0.013200000000000009, 0.0009142857142857142
372, 0.013400000000000009, 0.0009142857142857142
373, 0.01360000000000001, 0.0009142857142857142
374, 0.01380000000000001, 0.0009142857142857142
375, 0.01400000000000001, 0.0009142857142857142
376, 0.014200000000000011, 0.0009142857142857142
377, 0.014400000000000012, 0.0009142857142857142
378, 0.014600000000000012, 0.0009142857142857142
379, 0.014800000000000013, 0.0009142857142857142
380, 0.015000000000000013, 0.0009142857142857142
381, 0.0, 0.0011428571428571427
382, 0.00019999999999999998, 0.0011428571428571427
383, 0.00039999999999999996, 0.0011428571428571427
384, 0.0006, 0.0011428571428571427
385, 0.0007999999999999999, 0.0011428571428571427
386, 0.001, 0.0011428571428571427
387, 0.0012000000000000001, 0.0011428571428571427
388, 0.0014000000000000002, 0.0011428571428571427
389, 0.0016000000000000003, 0.0011428571428571427
390, 0.0018000000000000004, 0.0011428571428571427
391, 0.0020000000000000005, 0.0011428571428571427
392, 0.0022000000000000006, 0.0011428571428571427
393, 0.0024000000000000007, 0.0011428571428571427
394, 0.0026000000000000007, 0.0011428571428571427
395, 0.002800000000000001, 0.0011428571428571427
396, 0.003000000000000001, 0.0011428571428571427
397, 0.003200000000000001, 0.0011428571428571427
398, 0.003400000000000001, 0.0011428571428571427
399, 0.003600000000000001, 0.0011428571428571427
400, 0.0038000000000000013, 0.0011428571428571427
401, 0.004000000000000001, 0.0011428571428571427
402, 0.004200000000000001, 0.0011428571428571427
403, 0.0044, 0.0011428571428571427
404, 0.0046, 0.0011428571428571427
405, 0.0048, 0.0011428571428571427
406, 0.004999999999999999, 0.0011428571428571427
407, 0.005199999999999999, 0.0011428571428571427
408, 0.0053999999999999986, 0.0011428571428571427
409, 0.005599999999999998, 0.0011428571428571427
410, 0.005799999999999998, 0.0011428571428571427
411, 0.0059999999999999975, 0.0011428571428571427
412, 0.006199999999999997, 0.0011428571428571427
413, 0.006399999999999997, 0.0011428571428571427
414, 0.0065999999999999965, 0.0011428571428571427
415, 0.006799999999999996, 0.0011428571428571427
416, 0.006999999999999996, 0.0011428571428571427
417, 0.0071999999999999955, 0.0011428571428571427
418, 0.007399999999999995, 0.0011428571428571427
419, 0.007599999999999995, 0.0011428571428571427
420, 0.0077999999999999944, 0.0011428571428571427
421, 0.007999999999999995, 0.0011428571428571427
422, 0.008199999999999995, 0.0011428571428571427
423, 0.008399999999999996, 0.0011428571428571427
424, 0.008599999999999997, 0.0011428571428571427
425, 0.008799999999999997, 0.0011428571428571427
426, 0.008999999999999998, 0.0011428571428571427
427, 0.009199999999999998, 0.0011428571428571427
428, 0.009399999999999999, 0.0011428571428571427
429, 0.0096, 0.0011428571428571427
430, 0.0098, 0.0011428571428571427
431, 0.01, 0.0011428571428571427
432, 0.0102, 0.0011428571428571427
433, 0.010400000000000001, 0.0011428571428571427
434, 0.010600000000000002, 0.0011428571428571427
435, 0.010800000000000002, 0.0011428571428571427
436, 0.011000000000000003, 0.0011428571428571427
437, 0.011200000000000003, 0.0011428571428571427
438, 0.011400000000000004, 0.0011428571428571427
439, 0.011600000000000004, 0.0011428571428571427
440, 0.011800000000000005, 0.0011428571428571427
441, 0.012000000000000005, 0.0011428571428571427
442, 0.012200000000000006, 0.0011428571428571427
443, 0.012400000000000007, 0.0011428571428571427
444, 0.012600000000000007, 0.0011428571428571427
445, 0.012800000000000008, 0.0011428571428571427
446, 0.013000000000000008, 0.0011428571428571427
447, 0.013200000000000009, 0.0011428571428571427
448, 0.013400000000000009, 0.0011428571428571427
449, 0.01360000000000001, 0.0011428571428571427
450, 0.01380000000000001, 0.0011428571428571427
451, 0.01400000000000001, 0.0011428571428571427
452, 0.014200000000000011, 0.0011428571428571427
453, 0.014400000000000012, 0.0011428571428571427
454, 0.014600000000000012, 0.0011428571428571427
455, 0.014800000000000013, 0.0011428571428571427
456, 0.015000000000000013, 0.0011428571428571427
457, 0.0, 0.0013714285714285712
458, 0.00019999999999999998, 0.0013714285714285712
459, 0.00039999999999999996, 0.0013714285714285712
460, 0.0006, 0.0013714285714285712
461, 0.0007999999999999999, 0.0013714285714285712
462, 0.001, 0.0013714285714285712
463, 0.0012000000000000001, 0.0013714285714285712
464, 0.0014000000000000002, 0.0013714285714285712
465, 0.0016000000000000003, 0.0013714285714285712
466, 0.0018000000000000004, 0.0013714285714285712
467, 0.0020000000000000005, 0.0013714285714285712
468, 0.0022000000000000006, 0.0013714285714285712
469, 0.0024000000000000007, 0.0013714285714285712
470, 0.0026000000000000007, 0.0013714285714285712
471, 0.002800000000000001, 0.0013714285714285712
472, 0.003000000000000001, 0.0013714285714285712
473, 0.003200000000000001, 0.0013714285714285712
474, 0.003400000000000001, 0.0013714285714285712
475, 0.003600000000000001, 0.0013714285714285712
476, 0.0038000000000000013, 0.0013714285714285712
477, 0.004000000000000001, 0.0013714285714285712
478, 0.004200000000000001, 0.0013714285714285712
479, 0.0044, 0.0013714285714285712
480, 0.0046, 0.0013714285714285712
481, 0.0048, 0.0013714285714285712
482, 0.004999999999999999, 0.0013714285714285712
483, 0.005199999999999999, 0.0013714285714285712
484, 0.0053999999999999986, 0.0013714285714285712
485, 0.005599999999999998, 0.0013714285714285712
486, 0.005799999999999998, 0.0013714285714285712
487, 0.0059999999999999975, 0.0013714285714285712
488, 0.006199999999999997, 0.0013714285714285712
489, 0.006399999999999997, 0.0013714285714285712
490, 0.0065999999999999965, 0.0013714285714285712
491, 0.006799999999999996, 0.0013714285714285712
492, 0.006999999999999996, 0.0013714285714285712
493, 0.0071999999999999955, 0.0013714285714285712
494, 0.007399999999999995, 0.0013714285714285712
495, 0.007599999999999995, 0.0013714285714285712
496, 0.0077999999999999944, 0.0013714285714285712
497, 0.007999999999999995, 0.0013714285714285712
498, 0.008199999999999995, 0.0013714285714285712
499, 0.008399999999999996, 0.0013714285714285712
500, 0.008599999999999997, 0.0013714285714285712
501, 0.008799999999999997, 0.0013714285714285712
502, 0.008999999999999998, 0.0013714285714285712
503, 0.009199999999999998, 0.0013714285714285712
504, 0.009399999999999999, 0.0013714285714285712
505, 0.0096, 0.0013714285714285712
506, 0.0098, 0.0013714285714285712
507, 0.01, 0.0013714285714285712
508, 0.0102, 0.0013714285714285712
509, 0.010400000000000001, 0.0013714285714285712
510, 0.010600000000000002, 0.0013714285714285712
511, 0.010800000000000002, 0.0013714285714285712
512, 0.011000000000000003, 0.0013714285714285712
513, 0.011200000000000003, 0.0013714285714285712
514, 0.011400000000000004, 0.0013714285714285712
515, 0.011600000000000004, 0.0013714285714285712
516, 0.011800000000000005, 0.0013714285714285712
517, 0.012000000000000005, 0.0013714285714285712
518, 0.012200000000000006, 0.0013714285714285712
519, 0.012400000000000007, 0.0013714285714285712
520, 0.012600000000000007, 0.0013714285714285712
521, 0.012800000000000008, 0.0013714285714285712
522, 0.013000000000000008, 0.0013714285714285712
523, 0.013200000000000009, 0.0013714285714285712
524, 0.013400000000000009, 0.0013714285714285712
525, 0.01360000000000001, 0.0013714285714285712
526, 0.01380000000000001, 0.0013714285714285712
527, 0.01400000000000001, 0.0013714285714285712
528, 0.014200000000000011, 0.0013714285714285712
529, 0.014400000000000012, 0.0013714285714285712
530, 0.014600000000000012, 0.0013714285714285712
531, 0.014800000000000013, 0.0013714285714285712
532, 0.015000000000000013, 0.0013714285714285712
533, 0.0, 0.0015999999999999996
534, 0.00019999999999999998, 0.0015999999999999996
535, 0.00039999999999999996, 0.0015999999999999996
536, 0.0006, 0.0015999999999999996
537, 0.0007999999999999999, 0.0015999999999999996
538, 0.001, 0.0015999999999999996
539, 0.0012000000000000001, 0.0015999999999999996
540, 0.0014000000000000002, 0.0015999999999999996
541, 0.0016000000000000003, 0.0015999999999999996
542, 0.0018000000000000004, 0.0015999999999999996
543, 0.0020000000000000005, 0.0015999999999999996
544, 0.0022000000000000006, 0.0015999999999999996
545, 0.0024000000000000007, 0.0015999999999999996
546, 0.0026000000000000007, 0.0015999999999999996
547, 0.002800000000000001, 0.0015999999999999996
548, 0.003000000000000001, 0.0015999999999999996
549, 0.003200000000000001, 0.0015999999999999996
550, 0.003400000000000001, 0.0015999999999999996
551, 0.003600000000000001, 0.0015999999999999996
552, 0.0038000000000000013, 0.0015999999999999996
553, 0.004000000000000001, 0.0015999999999999996
554, 0.004200000000000001, 0.0015999999999999996
555, 0.0044, 0.0015999999999999996
556, 0.0046, 0.0015999999999999996
557, 0.0048, 0.0015999999999999996
558, 0.004999999999999999, 0.0015999999999999996
559, 0.005199999999999999, 0.0015999999999999996
560, 0.0053999999999999986, 0.0015999999999999996
561, 0.005599999999999998, 0.0015999999999999996
562, 0.005799999999999998, 0.0015999999999999996
563, 0.0059999999999999975, 0.0015999999999999996
564, 0.006199999999999997, 0.0015999999999999996
565, 0.006399999999999997, 0.0015999999999999996
566, 0.0065999999999999965, 0.0015999999999999996
567, 0.006799999999999996, 0.0015999999999999996
568, 0.006999999999999996, 0.0015999999999999996
569, 0.0071999999999999955, 0.0015999999999999996
570, 0.007399999999999995, 0.0015999999999999996
571, 0.007599999999999995, 0.0015999999999999996
572, 0.0077999999999999944, 0.0015999999999999996
573, 0.007999999999999995, 0.0015999999999999996
574, 0.008199999999999995, 0.0015999999999999996
575, 0.008399999999999996, 0.0015999999999999996
576, 0.008599999999999997, 0.0015999999999999996
577, 0.008799999999999997, 0.0015999999999999996
578, 0.008999999999999998, 0.0015999999999999996
579, 0.009199999999999998, 0.0015999999999999996
580, 0.009399999999999999, 0.0015999999999999996
581, 0.0096, 0.0015999999999999996
582, 0.0098, 0.0015999999999999996
583, 0.01, 0.0015999999999999996
584, 0.0102, 0.0015999999999999996
585, 0.010400000000000001, 0.0015999999999999996
586, 0.010600000000000002, 0.0015999999999999996
587, 0.010800000000000002, 0.0015999999999999996
588, 0.011000000000000003, 0.0015999999999999996
589, 0.011200000000000003, 0.0015999999999999996
590, 0.011400000000000004, 0.0015999999999999996
591, 0.011600000000000004, 0.0015999999999999996
592, 0.011800000000000005, 0.0015999999999999996
593, 0.012000000000000005, 0.0015999999999999996
594, 0.012200000000000006, 0.0015999999999999996
595, 0.012400000000000007, 0.0015999999999999996
596, 0.012600000000000007, 0.0015999999999999996
597, 0.012800000000000008, 0.0015999999999999996
598, 0.013000000000000008, 0.0015999999999999996
599, 0.013200000000000009, 0.0015999999999999996
600, 0.013400000000000009, 0.0015999999999999996
601, 0.01360000000000001, 0.0015999999999999996
602, 0.01380000000000001, 0.0015999999999999996
603, 0.01400000000000001, 0.0015999999999999996
604, 0.014200000000000011, 0.0015999999999999996
605, 0.014400000000000012, 0.0015999999999999996
606, 0.014600000000000012, 0.0015999999999999996
607, 0.014800000000000013, 0.0015999999999999996
608, 0.015000000000000013, 0.0015999999999999996
**         
** The following are elements for the passive layer         
**         
*Element, type=CPE4H
1, 1, 2, 78, 77
2, 2, 3, 79, 78
3, 3, 4, 80, 79
4, 4, 5, 81, 80
5, 5, 6, 82, 81
6, 6, 7, 83, 82
7, 7, 8, 84, 83
8, 8, 9, 85, 84
9, 9, 10, 86, 85
10, 10, 11, 87, 86
11, 11, 12, 88, 87
12, 12, 13, 89, 88
13, 13, 14, 90, 89
14, 14, 15, 91, 90
15, 15, 16, 92, 91
16, 16, 17, 93, 92
17, 17, 18, 94, 93
18, 18, 19, 95, 94
19, 19, 20, 96, 95
20, 20, 21, 97, 96
21, 21, 22, 98, 97
22, 22, 23, 99, 98
23, 23, 24, 100, 99
24, 24, 25, 101, 100
25, 25, 26, 102, 101
26, 26, 27, 103, 102
27, 27, 28, 104, 103
28, 28, 29, 105, 104
29, 29, 30, 106, 105
30, 30, 31, 107, 106
31, 31, 32, 108, 107
32, 32, 33, 109, 108
33, 33, 34, 110, 109
34, 34, 35, 111, 110
35, 35, 36, 112, 111
36, 36, 37, 113, 112
37, 37, 38, 114, 113
38, 38, 39, 115, 114
39, 39, 40, 116, 115
40, 40, 41, 117, 116
41, 41, 42, 118, 117
42, 42, 43, 119, 118
43, 43, 44, 120, 119
44, 44, 45, 121, 120
45, 45, 46, 122, 121
46, 46, 47, 123, 122
47, 47, 48, 124, 123
48, 48, 49, 125, 124
49, 49, 50, 126, 125
50, 50, 51, 127, 126
51, 51, 52, 128, 127
52, 52, 53, 129, 128
53, 53, 54, 130, 129
54, 54, 55, 131, 130
55, 55, 56, 132, 131
56, 56, 57, 133, 132
57, 57, 58, 134, 133
58, 58, 59, 135, 134
59, 59, 60, 136, 135
60, 60, 61, 137, 136
61, 61, 62, 138, 137
62, 62, 63, 139, 138
63, 63, 64, 140, 139
64, 64, 65, 141, 140
65, 65, 66, 142, 141
66, 66, 67, 143, 142
67, 67, 68, 144, 143
68, 68, 69, 145, 144
69, 69, 70, 146, 145
70, 70, 71, 147, 146
71, 71, 72, 148, 147
72, 72, 73, 149, 148
73, 73, 74, 150, 149
74, 74, 75, 151, 150
75, 75, 76, 152, 151
76, 77, 78, 154, 153
77, 78, 79, 155, 154
78, 79, 80, 156, 155
79, 80, 81, 157, 156
80, 81, 82, 158, 157
81, 82, 83, 159, 158
82, 83, 84, 160, 159
83, 84, 85, 161, 160
84, 85, 86, 162, 161
85, 86, 87, 163, 162
86, 87, 88, 164, 163
87, 88, 89, 165, 164
88, 89, 90, 166, 165
89, 90, 91, 167, 166
90, 91, 92, 168, 167
91, 92, 93, 169, 168
92, 93, 94, 170, 169
93, 94, 95, 171, 170
94, 95, 96, 172, 171
95, 96, 97, 173, 172
96, 97, 98, 174, 173
97, 98, 99, 175, 174
98, 99, 100, 176, 175
99, 100, 101, 177, 176
100, 101, 102, 178, 177
101, 102, 103, 179, 178
102, 103, 104, 180, 179
103, 104, 105, 181, 180
104, 105, 106, 182, 181
105, 106, 107, 183, 182
106, 107, 108, 184, 183
107, 108, 109, 185, 184
108, 109, 110, 186, 185
109, 110, 111, 187, 186
110, 111, 112, 188, 187
111, 112, 113, 189, 188
112, 113, 114, 190, 189
113, 114, 115, 191, 190
114, 115, 116, 192, 191
115, 116, 117, 193, 192
116, 117, 118, 194, 193
117, 118, 119, 195, 194
118, 119, 120, 196, 195
119, 120, 121, 197, 196
120, 121, 122, 198, 197
121, 122, 123, 199, 198
122, 123, 124, 200, 199
123, 124, 125, 201, 200
124, 125, 126, 202, 201
125, 126, 127, 203, 202
126, 127, 128, 204, 203
127, 128, 129, 205, 204
128, 129, 130, 206, 205
129, 130, 131, 207, 206
130, 131, 132, 208, 207
131, 132, 133, 209, 208
132, 133, 134, 210, 209
133, 134, 135, 211, 210
134, 135, 136, 212, 211
135, 136, 137, 213, 212
136, 137, 138, 214, 213
137, 138, 139, 215, 214
138, 139, 140, 216, 215
139, 140, 141, 217, 216
140, 141, 142, 218, 217
141, 142, 143, 219, 218
142, 143, 144, 220, 219
143, 144, 145, 221, 220
144, 145, 146, 222, 221
145, 146, 147, 223, 222
146, 147, 148, 224, 223
147, 148, 149, 225, 224
148, 149, 150, 226, 225
149, 150, 151, 227, 226
150, 151, 152, 228, 227
151, 153, 154, 230, 229
152, 154, 155, 231, 230
153, 155, 156, 232, 231
154, 156, 157, 233, 232
155, 157, 158, 234, 233
156, 158, 159, 235, 234
157, 159, 160, 236, 235
158, 160, 161, 237, 236
159, 161, 162, 238, 237
160, 162, 163, 239, 238
161, 163, 164, 240, 239
162, 164, 165, 241, 240
163, 165, 166, 242, 241
164, 166, 167, 243, 242
165, 167, 168, 244, 243
166, 168, 169, 245, 244
167, 169, 170, 246, 245
168, 170, 171, 247, 246
169, 171, 172, 248, 247
170, 172, 173, 249, 248
171, 173, 174, 250, 249
172, 174, 175, 251, 250
173, 175, 176, 252, 251
174, 176, 177, 253, 252
175, 177, 178, 254, 253
176, 178, 179, 255, 254
177, 179, 180, 256, 255
178, 180, 181, 257, 256
179, 181, 182, 258, 257
180, 182, 183, 259, 258
181, 183, 184, 260, 259
182, 184, 185, 261, 260
183, 185, 186, 262, 261
184, 186, 187, 263, 262
185, 187, 188, 264, 263
186, 188, 189, 265, 264
187, 189, 190, 266, 265
188, 190, 191, 267, 266
189, 191, 192, 268, 267
190, 192, 193, 269, 268
191, 193, 194, 270, 269
192, 194, 195, 271, 270
193, 195, 196, 272, 271
194, 196, 197, 273, 272
195, 197, 198, 274, 273
196, 198, 199, 275, 274
197, 199, 200, 276, 275
198, 200, 201, 277, 276
199, 201, 202, 278, 277
200, 202, 203, 279, 278
201, 203, 204, 280, 279
202, 204, 205, 281, 280
203, 205, 206, 282, 281
204, 206, 207, 283, 282
205, 207, 208, 284, 283
206, 208, 209, 285, 284
207, 209, 210, 286, 285
208, 210, 211, 287, 286
209, 211, 212, 288, 287
210, 212, 213, 289, 288
211, 213, 214, 290, 289
212, 214, 215, 291, 290
213, 215, 216, 292, 291
214, 216, 217, 293, 292
215, 217, 218, 294, 293
216, 218, 219, 295, 294
217, 219, 220, 296, 295
218, 220, 221, 297, 296
219, 221, 222, 298, 297
220, 222, 223, 299, 298
221, 223, 224, 300, 299
222, 224, 225, 301, 300
223, 225, 226, 302, 301
224, 226, 227, 303, 302
225, 227, 228, 304, 303
226, 229, 230, 306, 305
227, 230, 231, 307, 306
228, 231, 232, 308, 307
229, 232, 233, 309, 308
230, 233, 234, 310, 309
231, 234, 235, 311, 310
232, 235, 236, 312, 311
233, 236, 237, 313, 312
234, 237, 238, 314, 313
235, 238, 239, 315, 314
236, 239, 240, 316, 315
237, 240, 241, 317, 316
238, 241, 242, 318, 317
239, 242, 243, 319, 318
240, 243, 244, 320, 319
241, 244, 245, 321, 320
242, 245, 246, 322, 321
243, 246, 247, 323, 322
244, 247, 248, 324, 323
245, 248, 249, 325, 324
246, 249, 250, 326, 325
247, 250, 251, 327, 326
248, 251, 252, 328, 327
249, 252, 253, 329, 328
250, 253, 254, 330, 329
251, 254, 255, 331, 330
252, 255, 256, 332, 331
253, 256, 257, 333, 332
254, 257, 258, 334, 333
255, 258, 259, 335, 334
256, 259, 260, 336, 335
257, 260, 261, 337, 336
258, 261, 262, 338, 337
259, 262, 263, 339, 338
260, 263, 264, 340, 339
261, 264, 265, 341, 340
262, 265, 266, 342, 341
263, 266, 267, 343, 342
264, 267, 268, 344, 343
265, 268, 269, 345, 344
266, 269, 270, 346, 345
267, 270, 271, 347, 346
268, 271, 272, 348, 347
269, 272, 273, 349, 348
270, 273, 274, 350, 349
271, 274, 275, 351, 350
272, 275, 276, 352, 351
273, 276, 277, 353, 352
274, 277, 278, 354, 353
275, 278, 279, 355, 354
276, 279, 280, 356, 355
277, 280, 281, 357, 356
278, 281, 282, 358, 357
279, 282, 283, 359, 358
280, 283, 284, 360, 359
281, 284, 285, 361, 360
282, 285, 286, 362, 361
283, 286, 287, 363, 362
284, 287, 288, 364, 363
285, 288, 289, 365, 364
286, 289, 290, 366, 365
287, 290, 291, 367, 366
288, 291, 292, 368, 367
289, 292, 293, 369, 368
290, 293, 294, 370, 369
291, 294, 295, 371, 370
292, 295, 296, 372, 371
293, 296, 297, 373, 372
294, 297, 298, 374, 373
295, 298, 299, 375, 374
296, 299, 300, 376, 375
297, 300, 301, 377, 376
298, 301, 302, 378, 377
299, 302, 303, 379, 378
300, 303, 304, 380, 379
301, 305, 306, 382, 381
302, 306, 307, 383, 382
303, 307, 308, 384, 383
304, 308, 309, 385, 384
305, 309, 310, 386, 385
306, 310, 311, 387, 386
307, 311, 312, 388, 387
308, 312, 313, 389, 388
309, 313, 314, 390, 389
310, 314, 315, 391, 390
311, 315, 316, 392, 391
312, 316, 317, 393, 392
313, 317, 318, 394, 393
314, 318, 319, 395, 394
315, 319, 320, 396, 395
316, 320, 321, 397, 396
317, 321, 322, 398, 397
318, 322, 323, 399, 398
319, 323, 324, 400, 399
320, 324, 325, 401, 400
321, 325, 326, 402, 401
322, 326, 327, 403, 402
323, 327, 328, 404, 403
324, 328, 329, 405, 404
325, 329, 330, 406, 405
326, 330, 331, 407, 406
327, 331, 332, 408, 407
328, 332, 333, 409, 408
329, 333, 334, 410, 409
330, 334, 335, 411, 410
331, 335, 336, 412, 411
332, 336, 337, 413, 412
333, 337, 338, 414, 413
334, 338, 339, 415, 414
335, 339, 340, 416, 415
336, 340, 341, 417, 416
337, 341, 342, 418, 417
338, 342, 343, 419, 418
339, 343, 344, 420, 419
340, 344, 345, 421, 420
341, 345, 346, 422, 421
342, 346, 347, 423, 422
343, 347, 348, 424, 423
344, 348, 349, 425, 424
345, 349, 350, 426, 425
346, 350, 351, 427, 426
347, 351, 352, 428, 427
348, 352, 353, 429, 428
349, 353, 354, 430, 429
350, 354, 355, 431, 430
351, 355, 356, 432, 431
352, 356, 357, 433, 432
353, 357, 358, 434, 433
354, 358, 359, 435, 434
355, 359, 360, 436, 435
356, 360, 361, 437, 436
357, 361, 362, 438, 437
358, 362, 363, 439, 438
359, 363, 364, 440, 439
360, 364, 365, 441, 440
361, 365, 366, 442, 441
362, 366, 367, 443, 442
363, 367, 368, 444, 443
364, 368, 369, 445, 444
365, 369, 370, 446, 445
366, 370, 371, 447, 446
367, 371, 372, 448, 447
368, 372, 373, 449, 448
369, 373, 374, 450, 449
370, 374, 375, 451, 450
371, 375, 376, 452, 451
372, 376, 377, 453, 452
373, 377, 378, 454, 453
374, 378, 379, 455, 454
375, 379, 380, 456, 455
*Nset, nset=PassiveSet, generate         
1, 456, 1
*Elset, elset=PassiveSet, generate         
1, 375, 1
**         
** The following aare the UEL elements for the active layer         
**         
*User Element,Nodes=4,Type=U1,Iproperties=2,Properties=14,            Coordinates=2,Variables=4,Unsymm         
 1,2,11,12         
*Element, type=U1
376, 381, 382, 458, 457
377, 382, 383, 459, 458
378, 383, 384, 460, 459
379, 384, 385, 461, 460
380, 385, 386, 462, 461
381, 386, 387, 463, 462
382, 387, 388, 464, 463
383, 388, 389, 465, 464
384, 389, 390, 466, 465
385, 390, 391, 467, 466
386, 391, 392, 468, 467
387, 392, 393, 469, 468
388, 393, 394, 470, 469
389, 394, 395, 471, 470
390, 395, 396, 472, 471
391, 396, 397, 473, 472
392, 397, 398, 474, 473
393, 398, 399, 475, 474
394, 399, 400, 476, 475
395, 400, 401, 477, 476
396, 401, 402, 478, 477
397, 402, 403, 479, 478
398, 403, 404, 480, 479
399, 404, 405, 481, 480
400, 405, 406, 482, 481
401, 406, 407, 483, 482
402, 407, 408, 484, 483
403, 408, 409, 485, 484
404, 409, 410, 486, 485
405, 410, 411, 487, 486
406, 411, 412, 488, 487
407, 412, 413, 489, 488
408, 413, 414, 490, 489
409, 414, 415, 491, 490
410, 415, 416, 492, 491
411, 416, 417, 493, 492
412, 417, 418, 494, 493
413, 418, 419, 495, 494
414, 419, 420, 496, 495
415, 420, 421, 497, 496
416, 421, 422, 498, 497
417, 422, 423, 499, 498
418, 423, 424, 500, 499
419, 424, 425, 501, 500
420, 425, 426, 502, 501
421, 426, 427, 503, 502
422, 427, 428, 504, 503
423, 428, 429, 505, 504
424, 429, 430, 506, 505
425, 430, 431, 507, 506
426, 431, 432, 508, 507
427, 432, 433, 509, 508
428, 433, 434, 510, 509
429, 434, 435, 511, 510
430, 435, 436, 512, 511
431, 436, 437, 513, 512
432, 437, 438, 514, 513
433, 438, 439, 515, 514
434, 439, 440, 516, 515
435, 440, 441, 517, 516
436, 441, 442, 518, 517
437, 442, 443, 519, 518
438, 443, 444, 520, 519
439, 444, 445, 521, 520
440, 445, 446, 522, 521
441, 446, 447, 523, 522
442, 447, 448, 524, 523
443, 448, 449, 525, 524
444, 449, 450, 526, 525
445, 450, 451, 527, 526
446, 451, 452, 528, 527
447, 452, 453, 529, 528
448, 453, 454, 530, 529
449, 454, 455, 531, 530
450, 455, 456, 532, 531
451, 457, 458, 534, 533
452, 458, 459, 535, 534
453, 459, 460, 536, 535
454, 460, 461, 537, 536
455, 461, 462, 538, 537
456, 462, 463, 539, 538
457, 463, 464, 540, 539
458, 464, 465, 541, 540
459, 465, 466, 542, 541
460, 466, 467, 543, 542
461, 467, 468, 544, 543
462, 468, 469, 545, 544
463, 469, 470, 546, 545
464, 470, 471, 547, 546
465, 471, 472, 548, 547
466, 472, 473, 549, 548
467, 473, 474, 550, 549
468, 474, 475, 551, 550
469, 475, 476, 552, 551
470, 476, 477, 553, 552
471, 477, 478, 554, 553
472, 478, 479, 555, 554
473, 479, 480, 556, 555
474, 480, 481, 557, 556
475, 481, 482, 558, 557
476, 482, 483, 559, 558
477, 483, 484, 560, 559
478, 484, 485, 561, 560
479, 485, 486, 562, 561
480, 486, 487, 563, 562
481, 487, 488, 564, 563
482, 488, 489, 565, 564
483, 489, 490, 566, 565
484, 490, 491, 567, 566
485, 491, 492, 568, 567
486, 492, 493, 569, 568
487, 493, 494, 570, 569
488, 494, 495, 571, 570
489, 495, 496, 572, 571
490, 496, 497, 573, 572
491, 497, 498, 574, 573
492, 498, 499, 575, 574
493, 499, 500, 576, 575
494, 500, 501, 577, 576
495, 501, 502, 578, 577
496, 502, 503, 579, 578
497, 503, 504, 580, 579
498, 504, 505, 581, 580
499, 505, 506, 582, 581
500, 506, 507, 583, 582
501, 507, 508, 584, 583
502, 508, 509, 585, 584
503, 509, 510, 586, 585
504, 510, 511, 587, 586
505, 511, 512, 588, 587
506, 512, 513, 589, 588
507, 513, 514, 590, 589
508, 514, 515, 591, 590
509, 515, 516, 592, 591
510, 516, 517, 593, 592
511, 517, 518, 594, 593
512, 518, 519, 595, 594
513, 519, 520, 596, 595
514, 520, 521, 597, 596
515, 521, 522, 598, 597
516, 522, 523, 599, 598
517, 523, 524, 600, 599
518, 524, 525, 601, 600
519, 525, 526, 602, 601
520, 526, 527, 603, 602
521, 527, 528, 604, 603
522, 528, 529, 605, 604
523, 529, 530, 606, 605
524, 530, 531, 607, 606
525, 531, 532, 608, 607
*Nset, nset=ActiveSet, generate         
381, 608, 1
*Elset, elset=ActiveSet, generate         
376, 525, 1
**         
** Make the dummy mesh used for visualization. These dummy elements         
** use the same nodes as the real mesh, but note the offset in         
** numbering of 10000, that shows up again in the UVARM subroutine.         
**         
**Element, type=CPE4
10376, 381, 382, 458, 457
10377, 382, 383, 459, 458
10378, 383, 384, 460, 459
10379, 384, 385, 461, 460
10380, 385, 386, 462, 461
10381, 386, 387, 463, 462
10382, 387, 388, 464, 463
10383, 388, 389, 465, 464
10384, 389, 390, 466, 465
10385, 390, 391, 467, 466
10386, 391, 392, 468, 467
10387, 392, 393, 469, 468
10388, 393, 394, 470, 469
10389, 394, 395, 471, 470
10390, 395, 396, 472, 471
10391, 396, 397, 473, 472
10392, 397, 398, 474, 473
10393, 398, 399, 475, 474
10394, 399, 400, 476, 475
10395, 400, 401, 477, 476
10396, 401, 402, 478, 477
10397, 402, 403, 479, 478
10398, 403, 404, 480, 479
10399, 404, 405, 481, 480
10400, 405, 406, 482, 481
10401, 406, 407, 483, 482
10402, 407, 408, 484, 483
10403, 408, 409, 485, 484
10404, 409, 410, 486, 485
10405, 410, 411, 487, 486
10406, 411, 412, 488, 487
10407, 412, 413, 489, 488
10408, 413, 414, 490, 489
10409, 414, 415, 491, 490
10410, 415, 416, 492, 491
10411, 416, 417, 493, 492
10412, 417, 418, 494, 493
10413, 418, 419, 495, 494
10414, 419, 420, 496, 495
10415, 420, 421, 497, 496
10416, 421, 422, 498, 497
10417, 422, 423, 499, 498
10418, 423, 424, 500, 499
10419, 424, 425, 501, 500
10420, 425, 426, 502, 501
10421, 426, 427, 503, 502
10422, 427, 428, 504, 503
10423, 428, 429, 505, 504
10424, 429, 430, 506, 505
10425, 430, 431, 507, 506
10426, 431, 432, 508, 507
10427, 432, 433, 509, 508
10428, 433, 434, 510, 509
10429, 434, 435, 511, 510
10430, 435, 436, 512, 511
10431, 436, 437, 513, 512
10432, 437, 438, 514, 513
10433, 438, 439, 515, 514
10434, 439, 440, 516, 515
10435, 440, 441, 517, 516
10436, 441, 442, 518, 517
10437, 442, 443, 519, 518
10438, 443, 444, 520, 519
10439, 444, 445, 521, 520
10440, 445, 446, 522, 521
10441, 446, 447, 523, 522
10442, 447, 448, 524, 523
10443, 448, 449, 525, 524
10444, 449, 450, 526, 525
10445, 450, 451, 527, 526
10446, 451, 452, 528, 527
10447, 452, 453, 529, 528
10448, 453, 454, 530, 529
10449, 454, 455, 531, 530
10450, 455, 456, 532, 531
10451, 457, 458, 534, 533
10452, 458, 459, 535, 534
10453, 459, 460, 536, 535
10454, 460, 461, 537, 536
10455, 461, 462, 538, 537
10456, 462, 463, 539, 538
10457, 463, 464, 540, 539
10458, 464, 465, 541, 540
10459, 465, 466, 542, 541
10460, 466, 467, 543, 542
10461, 467, 468, 544, 543
10462, 468, 469, 545, 544
10463, 469, 470, 546, 545
10464, 470, 471, 547, 546
10465, 471, 472, 548, 547
10466, 472, 473, 549, 548
10467, 473, 474, 550, 549
10468, 474, 475, 551, 550
10469, 475, 476, 552, 551
10470, 476, 477, 553, 552
10471, 477, 478, 554, 553
10472, 478, 479, 555, 554
10473, 479, 480, 556, 555
10474, 480, 481, 557, 556
10475, 481, 482, 558, 557
10476, 482, 483, 559, 558
10477, 483, 484, 560, 559
10478, 484, 485, 561, 560
10479, 485, 486, 562, 561
10480, 486, 487, 563, 562
10481, 487, 488, 564, 563
10482, 488, 489, 565, 564
10483, 489, 490, 566, 565
10484, 490, 491, 567, 566
10485, 491, 492, 568, 567
10486, 492, 493, 569, 568
10487, 493, 494, 570, 569
10488, 494, 495, 571, 570
10489, 495, 496, 572, 571
10490, 496, 497, 573, 572
10491, 497, 498, 574, 573
10492, 498, 499, 575, 574
10493, 499, 500, 576, 575
10494, 500, 501, 577, 576
10495, 501, 502, 578, 577
10496, 502, 503, 579, 578
10497, 503, 504, 580, 579
10498, 504, 505, 581, 580
10499, 505, 506, 582, 581
10500, 506, 507, 583, 582
10501, 507, 508, 584, 583
10502, 508, 509, 585, 584
10503, 509, 510, 586, 585
10504, 510, 511, 587, 586
10505, 511, 512, 588, 587
10506, 512, 513, 589, 588
10507, 513, 514, 590, 589
10508, 514, 515, 591, 590
10509, 515, 516, 592, 591
10510, 516, 517, 593, 592
10511, 517, 518, 594, 593
10512, 518, 519, 595, 594
10513, 519, 520, 596, 595
10514, 520, 521, 597, 596
10515, 521, 522, 598, 597
10516, 522, 523, 599, 598
10517, 523, 524, 600, 599
10518, 524, 525, 601, 600
10519, 525, 526, 602, 601
10520, 526, 527, 603, 602
10521, 527, 528, 604, 603
10522, 528, 529, 605, 604
10523, 529, 530, 606, 605
10524, 530, 531, 607, 606
10525, 531, 532, 608, 607
*Elset, elset=elDummy, generate         
10376, 10525, 1
**         
** Sets used for BCs         
**
*Nset, nset=Nall, generate         
 1, 608, 1
*Nset, nset=Top, generate         
 533, 608, 1
*Elset, elset=Top, generate         
 451, 525, 1
*Nset, nset=Bottom, generate         
 1, 76, 1
*Elset, elset=Bottom, generate         
 1, 75, 1
*Nset, nset=Left, generate         
 1, 533, 76
*Nset, nset=Left1, generate         
 77, 457, 76
*Elset, elset=Left, generate         
 1, 451, 75
*Nset, nset=Right, generate         
 76, 608, 76
*Nset, nset=Right1, generate         
 152, 532, 76
*Elset, elset=Right, generate         
 75, 525, 75
*Nset, nset=n1        
 76
*Nset, nset=n2        
 608
*Nset, nset=n3        
 533
*Nset, nset=n4        
 1
