1, 0.0, 0.0
2, 0.00019999999999999998, 0.0
3, 0.00039999999999999996, 0.0
4, 0.0006, 0.0
5, 0.0007999999999999999, 0.0
6, 0.001, 0.0
7, 0.0012000000000000001, 0.0
8, 0.0014000000000000002, 0.0
9, 0.0016000000000000003, 0.0
10, 0.0018000000000000004, 0.0
11, 0.0020000000000000005, 0.0
12, 0.0022000000000000006, 0.0
13, 0.0024000000000000007, 0.0
14, 0.0026000000000000007, 0.0
15, 0.002800000000000001, 0.0
16, 0.003000000000000001, 0.0
17, 0.003200000000000001, 0.0
18, 0.003400000000000001, 0.0
19, 0.003600000000000001, 0.0
20, 0.0038000000000000013, 0.0
21, 0.004000000000000001, 0.0
22, 0.004200000000000001, 0.0
23, 0.0044, 0.0
24, 0.0046, 0.0
25, 0.0048, 0.0
26, 0.004999999999999999, 0.0
27, 0.005199999999999999, 0.0
28, 0.0053999999999999986, 0.0
29, 0.005599999999999998, 0.0
30, 0.005799999999999998, 0.0
31, 0.0059999999999999975, 0.0
32, 0.006199999999999997, 0.0
33, 0.006399999999999997, 0.0
34, 0.0065999999999999965, 0.0
35, 0.006799999999999996, 0.0
36, 0.006999999999999996, 0.0
37, 0.0071999999999999955, 0.0
38, 0.007399999999999995, 0.0
39, 0.007599999999999995, 0.0
40, 0.0077999999999999944, 0.0
41, 0.007999999999999995, 0.0
42, 0.008199999999999995, 0.0
43, 0.008399999999999996, 0.0
44, 0.008599999999999997, 0.0
45, 0.008799999999999997, 0.0
46, 0.008999999999999998, 0.0
47, 0.009199999999999998, 0.0
48, 0.009399999999999999, 0.0
49, 0.0096, 0.0
50, 0.0098, 0.0
51, 0.01, 0.0
52, 0.0102, 0.0
53, 0.010400000000000001, 0.0
54, 0.010600000000000002, 0.0
55, 0.010800000000000002, 0.0
56, 0.011000000000000003, 0.0
57, 0.011200000000000003, 0.0
58, 0.011400000000000004, 0.0
59, 0.011600000000000004, 0.0
60, 0.011800000000000005, 0.0
61, 0.012000000000000005, 0.0
62, 0.012200000000000006, 0.0
63, 0.012400000000000007, 0.0
64, 0.012600000000000007, 0.0
65, 0.012800000000000008, 0.0
66, 0.013000000000000008, 0.0
67, 0.013200000000000009, 0.0
68, 0.013400000000000009, 0.0
69, 0.01360000000000001, 0.0
70, 0.01380000000000001, 0.0
71, 0.01400000000000001, 0.0
72, 0.014200000000000011, 0.0
73, 0.014400000000000012, 0.0
74, 0.014600000000000012, 0.0
75, 0.014800000000000013, 0.0
76, 0.015000000000000013, 0.0
77, 0.0, 0.0002
78, 0.00019999999999999998, 0.0002
79, 0.00039999999999999996, 0.0002
80, 0.0006, 0.0002
81, 0.0007999999999999999, 0.0002
82, 0.001, 0.0002
83, 0.0012000000000000001, 0.0002
84, 0.0014000000000000002, 0.0002
85, 0.0016000000000000003, 0.0002
86, 0.0018000000000000004, 0.0002
87, 0.0020000000000000005, 0.0002
88, 0.0022000000000000006, 0.0002
89, 0.0024000000000000007, 0.0002
90, 0.0026000000000000007, 0.0002
91, 0.002800000000000001, 0.0002
92, 0.003000000000000001, 0.0002
93, 0.003200000000000001, 0.0002
94, 0.003400000000000001, 0.0002
95, 0.003600000000000001, 0.0002
96, 0.0038000000000000013, 0.0002
97, 0.004000000000000001, 0.0002
98, 0.004200000000000001, 0.0002
99, 0.0044, 0.0002
100, 0.0046, 0.0002
101, 0.0048, 0.0002
102, 0.004999999999999999, 0.0002
103, 0.005199999999999999, 0.0002
104, 0.0053999999999999986, 0.0002
105, 0.005599999999999998, 0.0002
106, 0.005799999999999998, 0.0002
107, 0.0059999999999999975, 0.0002
108, 0.006199999999999997, 0.0002
109, 0.006399999999999997, 0.0002
110, 0.0065999999999999965, 0.0002
111, 0.006799999999999996, 0.0002
112, 0.006999999999999996, 0.0002
113, 0.0071999999999999955, 0.0002
114, 0.007399999999999995, 0.0002
115, 0.007599999999999995, 0.0002
116, 0.0077999999999999944, 0.0002
117, 0.007999999999999995, 0.0002
118, 0.008199999999999995, 0.0002
119, 0.008399999999999996, 0.0002
120, 0.008599999999999997, 0.0002
121, 0.008799999999999997, 0.0002
122, 0.008999999999999998, 0.0002
123, 0.009199999999999998, 0.0002
124, 0.009399999999999999, 0.0002
125, 0.0096, 0.0002
126, 0.0098, 0.0002
127, 0.01, 0.0002
128, 0.0102, 0.0002
129, 0.010400000000000001, 0.0002
130, 0.010600000000000002, 0.0002
131, 0.010800000000000002, 0.0002
132, 0.011000000000000003, 0.0002
133, 0.011200000000000003, 0.0002
134, 0.011400000000000004, 0.0002
135, 0.011600000000000004, 0.0002
136, 0.011800000000000005, 0.0002
137, 0.012000000000000005, 0.0002
138, 0.012200000000000006, 0.0002
139, 0.012400000000000007, 0.0002
140, 0.012600000000000007, 0.0002
141, 0.012800000000000008, 0.0002
142, 0.013000000000000008, 0.0002
143, 0.013200000000000009, 0.0002
144, 0.013400000000000009, 0.0002
145, 0.01360000000000001, 0.0002
146, 0.01380000000000001, 0.0002
147, 0.01400000000000001, 0.0002
148, 0.014200000000000011, 0.0002
149, 0.014400000000000012, 0.0002
150, 0.014600000000000012, 0.0002
151, 0.014800000000000013, 0.0002
152, 0.015000000000000013, 0.0002
153, 0.0, 0.0004
154, 0.00019999999999999998, 0.0004
155, 0.00039999999999999996, 0.0004
156, 0.0006, 0.0004
157, 0.0007999999999999999, 0.0004
158, 0.001, 0.0004
159, 0.0012000000000000001, 0.0004
160, 0.0014000000000000002, 0.0004
161, 0.0016000000000000003, 0.0004
162, 0.0018000000000000004, 0.0004
163, 0.0020000000000000005, 0.0004
164, 0.0022000000000000006, 0.0004
165, 0.0024000000000000007, 0.0004
166, 0.0026000000000000007, 0.0004
167, 0.002800000000000001, 0.0004
168, 0.003000000000000001, 0.0004
169, 0.003200000000000001, 0.0004
170, 0.003400000000000001, 0.0004
171, 0.003600000000000001, 0.0004
172, 0.0038000000000000013, 0.0004
173, 0.004000000000000001, 0.0004
174, 0.004200000000000001, 0.0004
175, 0.0044, 0.0004
176, 0.0046, 0.0004
177, 0.0048, 0.0004
178, 0.004999999999999999, 0.0004
179, 0.005199999999999999, 0.0004
180, 0.0053999999999999986, 0.0004
181, 0.005599999999999998, 0.0004
182, 0.005799999999999998, 0.0004
183, 0.0059999999999999975, 0.0004
184, 0.006199999999999997, 0.0004
185, 0.006399999999999997, 0.0004
186, 0.0065999999999999965, 0.0004
187, 0.006799999999999996, 0.0004
188, 0.006999999999999996, 0.0004
189, 0.0071999999999999955, 0.0004
190, 0.007399999999999995, 0.0004
191, 0.007599999999999995, 0.0004
192, 0.0077999999999999944, 0.0004
193, 0.007999999999999995, 0.0004
194, 0.008199999999999995, 0.0004
195, 0.008399999999999996, 0.0004
196, 0.008599999999999997, 0.0004
197, 0.008799999999999997, 0.0004
198, 0.008999999999999998, 0.0004
199, 0.009199999999999998, 0.0004
200, 0.009399999999999999, 0.0004
201, 0.0096, 0.0004
202, 0.0098, 0.0004
203, 0.01, 0.0004
204, 0.0102, 0.0004
205, 0.010400000000000001, 0.0004
206, 0.010600000000000002, 0.0004
207, 0.010800000000000002, 0.0004
208, 0.011000000000000003, 0.0004
209, 0.011200000000000003, 0.0004
210, 0.011400000000000004, 0.0004
211, 0.011600000000000004, 0.0004
212, 0.011800000000000005, 0.0004
213, 0.012000000000000005, 0.0004
214, 0.012200000000000006, 0.0004
215, 0.012400000000000007, 0.0004
216, 0.012600000000000007, 0.0004
217, 0.012800000000000008, 0.0004
218, 0.013000000000000008, 0.0004
219, 0.013200000000000009, 0.0004
220, 0.013400000000000009, 0.0004
221, 0.01360000000000001, 0.0004
222, 0.01380000000000001, 0.0004
223, 0.01400000000000001, 0.0004
224, 0.014200000000000011, 0.0004
225, 0.014400000000000012, 0.0004
226, 0.014600000000000012, 0.0004
227, 0.014800000000000013, 0.0004
228, 0.015000000000000013, 0.0004
229, 0.0, 0.0006000000000000001
230, 0.00019999999999999998, 0.0006000000000000001
231, 0.00039999999999999996, 0.0006000000000000001
232, 0.0006, 0.0006000000000000001
233, 0.0007999999999999999, 0.0006000000000000001
234, 0.001, 0.0006000000000000001
235, 0.0012000000000000001, 0.0006000000000000001
236, 0.0014000000000000002, 0.0006000000000000001
237, 0.0016000000000000003, 0.0006000000000000001
238, 0.0018000000000000004, 0.0006000000000000001
239, 0.0020000000000000005, 0.0006000000000000001
240, 0.0022000000000000006, 0.0006000000000000001
241, 0.0024000000000000007, 0.0006000000000000001
242, 0.0026000000000000007, 0.0006000000000000001
243, 0.002800000000000001, 0.0006000000000000001
244, 0.003000000000000001, 0.0006000000000000001
245, 0.003200000000000001, 0.0006000000000000001
246, 0.003400000000000001, 0.0006000000000000001
247, 0.003600000000000001, 0.0006000000000000001
248, 0.0038000000000000013, 0.0006000000000000001
249, 0.004000000000000001, 0.0006000000000000001
250, 0.004200000000000001, 0.0006000000000000001
251, 0.0044, 0.0006000000000000001
252, 0.0046, 0.0006000000000000001
253, 0.0048, 0.0006000000000000001
254, 0.004999999999999999, 0.0006000000000000001
255, 0.005199999999999999, 0.0006000000000000001
256, 0.0053999999999999986, 0.0006000000000000001
257, 0.005599999999999998, 0.0006000000000000001
258, 0.005799999999999998, 0.0006000000000000001
259, 0.0059999999999999975, 0.0006000000000000001
260, 0.006199999999999997, 0.0006000000000000001
261, 0.006399999999999997, 0.0006000000000000001
262, 0.0065999999999999965, 0.0006000000000000001
263, 0.006799999999999996, 0.0006000000000000001
264, 0.006999999999999996, 0.0006000000000000001
265, 0.0071999999999999955, 0.0006000000000000001
266, 0.007399999999999995, 0.0006000000000000001
267, 0.007599999999999995, 0.0006000000000000001
268, 0.0077999999999999944, 0.0006000000000000001
269, 0.007999999999999995, 0.0006000000000000001
270, 0.008199999999999995, 0.0006000000000000001
271, 0.008399999999999996, 0.0006000000000000001
272, 0.008599999999999997, 0.0006000000000000001
273, 0.008799999999999997, 0.0006000000000000001
274, 0.008999999999999998, 0.0006000000000000001
275, 0.009199999999999998, 0.0006000000000000001
276, 0.009399999999999999, 0.0006000000000000001
277, 0.0096, 0.0006000000000000001
278, 0.0098, 0.0006000000000000001
279, 0.01, 0.0006000000000000001
280, 0.0102, 0.0006000000000000001
281, 0.010400000000000001, 0.0006000000000000001
282, 0.010600000000000002, 0.0006000000000000001
283, 0.010800000000000002, 0.0006000000000000001
284, 0.011000000000000003, 0.0006000000000000001
285, 0.011200000000000003, 0.0006000000000000001
286, 0.011400000000000004, 0.0006000000000000001
287, 0.011600000000000004, 0.0006000000000000001
288, 0.011800000000000005, 0.0006000000000000001
289, 0.012000000000000005, 0.0006000000000000001
290, 0.012200000000000006, 0.0006000000000000001
291, 0.012400000000000007, 0.0006000000000000001
292, 0.012600000000000007, 0.0006000000000000001
293, 0.012800000000000008, 0.0006000000000000001
294, 0.013000000000000008, 0.0006000000000000001
295, 0.013200000000000009, 0.0006000000000000001
296, 0.013400000000000009, 0.0006000000000000001
297, 0.01360000000000001, 0.0006000000000000001
298, 0.01380000000000001, 0.0006000000000000001
299, 0.01400000000000001, 0.0006000000000000001
300, 0.014200000000000011, 0.0006000000000000001
301, 0.014400000000000012, 0.0006000000000000001
302, 0.014600000000000012, 0.0006000000000000001
303, 0.014800000000000013, 0.0006000000000000001
304, 0.015000000000000013, 0.0006000000000000001
305, 0.0, 0.0008
306, 0.00019999999999999998, 0.0008
307, 0.00039999999999999996, 0.0008
308, 0.0006, 0.0008
309, 0.0007999999999999999, 0.0008
310, 0.001, 0.0008
311, 0.0012000000000000001, 0.0008
312, 0.0014000000000000002, 0.0008
313, 0.0016000000000000003, 0.0008
314, 0.0018000000000000004, 0.0008
315, 0.0020000000000000005, 0.0008
316, 0.0022000000000000006, 0.0008
317, 0.0024000000000000007, 0.0008
318, 0.0026000000000000007, 0.0008
319, 0.002800000000000001, 0.0008
320, 0.003000000000000001, 0.0008
321, 0.003200000000000001, 0.0008
322, 0.003400000000000001, 0.0008
323, 0.003600000000000001, 0.0008
324, 0.0038000000000000013, 0.0008
325, 0.004000000000000001, 0.0008
326, 0.004200000000000001, 0.0008
327, 0.0044, 0.0008
328, 0.0046, 0.0008
329, 0.0048, 0.0008
330, 0.004999999999999999, 0.0008
331, 0.005199999999999999, 0.0008
332, 0.0053999999999999986, 0.0008
333, 0.005599999999999998, 0.0008
334, 0.005799999999999998, 0.0008
335, 0.0059999999999999975, 0.0008
336, 0.006199999999999997, 0.0008
337, 0.006399999999999997, 0.0008
338, 0.0065999999999999965, 0.0008
339, 0.006799999999999996, 0.0008
340, 0.006999999999999996, 0.0008
341, 0.0071999999999999955, 0.0008
342, 0.007399999999999995, 0.0008
343, 0.007599999999999995, 0.0008
344, 0.0077999999999999944, 0.0008
345, 0.007999999999999995, 0.0008
346, 0.008199999999999995, 0.0008
347, 0.008399999999999996, 0.0008
348, 0.008599999999999997, 0.0008
349, 0.008799999999999997, 0.0008
350, 0.008999999999999998, 0.0008
351, 0.009199999999999998, 0.0008
352, 0.009399999999999999, 0.0008
353, 0.0096, 0.0008
354, 0.0098, 0.0008
355, 0.01, 0.0008
356, 0.0102, 0.0008
357, 0.010400000000000001, 0.0008
358, 0.010600000000000002, 0.0008
359, 0.010800000000000002, 0.0008
360, 0.011000000000000003, 0.0008
361, 0.011200000000000003, 0.0008
362, 0.011400000000000004, 0.0008
363, 0.011600000000000004, 0.0008
364, 0.011800000000000005, 0.0008
365, 0.012000000000000005, 0.0008
366, 0.012200000000000006, 0.0008
367, 0.012400000000000007, 0.0008
368, 0.012600000000000007, 0.0008
369, 0.012800000000000008, 0.0008
370, 0.013000000000000008, 0.0008
371, 0.013200000000000009, 0.0008
372, 0.013400000000000009, 0.0008
373, 0.01360000000000001, 0.0008
374, 0.01380000000000001, 0.0008
375, 0.01400000000000001, 0.0008
376, 0.014200000000000011, 0.0008
377, 0.014400000000000012, 0.0008
378, 0.014600000000000012, 0.0008
379, 0.014800000000000013, 0.0008
380, 0.015000000000000013, 0.0008
381, 0.0, 0.001
382, 0.00019999999999999998, 0.001
383, 0.00039999999999999996, 0.001
384, 0.0006, 0.001
385, 0.0007999999999999999, 0.001
386, 0.001, 0.001
387, 0.0012000000000000001, 0.001
388, 0.0014000000000000002, 0.001
389, 0.0016000000000000003, 0.001
390, 0.0018000000000000004, 0.001
391, 0.0020000000000000005, 0.001
392, 0.0022000000000000006, 0.001
393, 0.0024000000000000007, 0.001
394, 0.0026000000000000007, 0.001
395, 0.002800000000000001, 0.001
396, 0.003000000000000001, 0.001
397, 0.003200000000000001, 0.001
398, 0.003400000000000001, 0.001
399, 0.003600000000000001, 0.001
400, 0.0038000000000000013, 0.001
401, 0.004000000000000001, 0.001
402, 0.004200000000000001, 0.001
403, 0.0044, 0.001
404, 0.0046, 0.001
405, 0.0048, 0.001
406, 0.004999999999999999, 0.001
407, 0.005199999999999999, 0.001
408, 0.0053999999999999986, 0.001
409, 0.005599999999999998, 0.001
410, 0.005799999999999998, 0.001
411, 0.0059999999999999975, 0.001
412, 0.006199999999999997, 0.001
413, 0.006399999999999997, 0.001
414, 0.0065999999999999965, 0.001
415, 0.006799999999999996, 0.001
416, 0.006999999999999996, 0.001
417, 0.0071999999999999955, 0.001
418, 0.007399999999999995, 0.001
419, 0.007599999999999995, 0.001
420, 0.0077999999999999944, 0.001
421, 0.007999999999999995, 0.001
422, 0.008199999999999995, 0.001
423, 0.008399999999999996, 0.001
424, 0.008599999999999997, 0.001
425, 0.008799999999999997, 0.001
426, 0.008999999999999998, 0.001
427, 0.009199999999999998, 0.001
428, 0.009399999999999999, 0.001
429, 0.0096, 0.001
430, 0.0098, 0.001
431, 0.01, 0.001
432, 0.0102, 0.001
433, 0.010400000000000001, 0.001
434, 0.010600000000000002, 0.001
435, 0.010800000000000002, 0.001
436, 0.011000000000000003, 0.001
437, 0.011200000000000003, 0.001
438, 0.011400000000000004, 0.001
439, 0.011600000000000004, 0.001
440, 0.011800000000000005, 0.001
441, 0.012000000000000005, 0.001
442, 0.012200000000000006, 0.001
443, 0.012400000000000007, 0.001
444, 0.012600000000000007, 0.001
445, 0.012800000000000008, 0.001
446, 0.013000000000000008, 0.001
447, 0.013200000000000009, 0.001
448, 0.013400000000000009, 0.001
449, 0.01360000000000001, 0.001
450, 0.01380000000000001, 0.001
451, 0.01400000000000001, 0.001
452, 0.014200000000000011, 0.001
453, 0.014400000000000012, 0.001
454, 0.014600000000000012, 0.001
455, 0.014800000000000013, 0.001
456, 0.015000000000000013, 0.001
457, 0.0, 0.0012000000000000001
458, 0.00019999999999999998, 0.0012000000000000001
459, 0.00039999999999999996, 0.0012000000000000001
460, 0.0006, 0.0012000000000000001
461, 0.0007999999999999999, 0.0012000000000000001
462, 0.001, 0.0012000000000000001
463, 0.0012000000000000001, 0.0012000000000000001
464, 0.0014000000000000002, 0.0012000000000000001
465, 0.0016000000000000003, 0.0012000000000000001
466, 0.0018000000000000004, 0.0012000000000000001
467, 0.0020000000000000005, 0.0012000000000000001
468, 0.0022000000000000006, 0.0012000000000000001
469, 0.0024000000000000007, 0.0012000000000000001
470, 0.0026000000000000007, 0.0012000000000000001
471, 0.002800000000000001, 0.0012000000000000001
472, 0.003000000000000001, 0.0012000000000000001
473, 0.003200000000000001, 0.0012000000000000001
474, 0.003400000000000001, 0.0012000000000000001
475, 0.003600000000000001, 0.0012000000000000001
476, 0.0038000000000000013, 0.0012000000000000001
477, 0.004000000000000001, 0.0012000000000000001
478, 0.004200000000000001, 0.0012000000000000001
479, 0.0044, 0.0012000000000000001
480, 0.0046, 0.0012000000000000001
481, 0.0048, 0.0012000000000000001
482, 0.004999999999999999, 0.0012000000000000001
483, 0.005199999999999999, 0.0012000000000000001
484, 0.0053999999999999986, 0.0012000000000000001
485, 0.005599999999999998, 0.0012000000000000001
486, 0.005799999999999998, 0.0012000000000000001
487, 0.0059999999999999975, 0.0012000000000000001
488, 0.006199999999999997, 0.0012000000000000001
489, 0.006399999999999997, 0.0012000000000000001
490, 0.0065999999999999965, 0.0012000000000000001
491, 0.006799999999999996, 0.0012000000000000001
492, 0.006999999999999996, 0.0012000000000000001
493, 0.0071999999999999955, 0.0012000000000000001
494, 0.007399999999999995, 0.0012000000000000001
495, 0.007599999999999995, 0.0012000000000000001
496, 0.0077999999999999944, 0.0012000000000000001
497, 0.007999999999999995, 0.0012000000000000001
498, 0.008199999999999995, 0.0012000000000000001
499, 0.008399999999999996, 0.0012000000000000001
500, 0.008599999999999997, 0.0012000000000000001
501, 0.008799999999999997, 0.0012000000000000001
502, 0.008999999999999998, 0.0012000000000000001
503, 0.009199999999999998, 0.0012000000000000001
504, 0.009399999999999999, 0.0012000000000000001
505, 0.0096, 0.0012000000000000001
506, 0.0098, 0.0012000000000000001
507, 0.01, 0.0012000000000000001
508, 0.0102, 0.0012000000000000001
509, 0.010400000000000001, 0.0012000000000000001
510, 0.010600000000000002, 0.0012000000000000001
511, 0.010800000000000002, 0.0012000000000000001
512, 0.011000000000000003, 0.0012000000000000001
513, 0.011200000000000003, 0.0012000000000000001
514, 0.011400000000000004, 0.0012000000000000001
515, 0.011600000000000004, 0.0012000000000000001
516, 0.011800000000000005, 0.0012000000000000001
517, 0.012000000000000005, 0.0012000000000000001
518, 0.012200000000000006, 0.0012000000000000001
519, 0.012400000000000007, 0.0012000000000000001
520, 0.012600000000000007, 0.0012000000000000001
521, 0.012800000000000008, 0.0012000000000000001
522, 0.013000000000000008, 0.0012000000000000001
523, 0.013200000000000009, 0.0012000000000000001
524, 0.013400000000000009, 0.0012000000000000001
525, 0.01360000000000001, 0.0012000000000000001
526, 0.01380000000000001, 0.0012000000000000001
527, 0.01400000000000001, 0.0012000000000000001
528, 0.014200000000000011, 0.0012000000000000001
529, 0.014400000000000012, 0.0012000000000000001
530, 0.014600000000000012, 0.0012000000000000001
531, 0.014800000000000013, 0.0012000000000000001
532, 0.015000000000000013, 0.0012000000000000001
**         
** The following are elements for the passive layer         
**         
*Element, type=CPE4H
1, 1, 2, 78, 77
2, 2, 3, 79, 78
3, 3, 4, 80, 79
4, 4, 5, 81, 80
5, 5, 6, 82, 81
6, 6, 7, 83, 82
7, 7, 8, 84, 83
8, 8, 9, 85, 84
9, 9, 10, 86, 85
10, 10, 11, 87, 86
11, 11, 12, 88, 87
12, 12, 13, 89, 88
13, 13, 14, 90, 89
14, 14, 15, 91, 90
15, 15, 16, 92, 91
16, 16, 17, 93, 92
17, 17, 18, 94, 93
18, 18, 19, 95, 94
19, 19, 20, 96, 95
20, 20, 21, 97, 96
21, 21, 22, 98, 97
22, 22, 23, 99, 98
23, 23, 24, 100, 99
24, 24, 25, 101, 100
25, 25, 26, 102, 101
26, 26, 27, 103, 102
27, 27, 28, 104, 103
28, 28, 29, 105, 104
29, 29, 30, 106, 105
30, 30, 31, 107, 106
31, 31, 32, 108, 107
32, 32, 33, 109, 108
33, 33, 34, 110, 109
34, 34, 35, 111, 110
35, 35, 36, 112, 111
36, 36, 37, 113, 112
37, 37, 38, 114, 113
38, 38, 39, 115, 114
39, 39, 40, 116, 115
40, 40, 41, 117, 116
41, 41, 42, 118, 117
42, 42, 43, 119, 118
43, 43, 44, 120, 119
44, 44, 45, 121, 120
45, 45, 46, 122, 121
46, 46, 47, 123, 122
47, 47, 48, 124, 123
48, 48, 49, 125, 124
49, 49, 50, 126, 125
50, 50, 51, 127, 126
51, 51, 52, 128, 127
52, 52, 53, 129, 128
53, 53, 54, 130, 129
54, 54, 55, 131, 130
55, 55, 56, 132, 131
56, 56, 57, 133, 132
57, 57, 58, 134, 133
58, 58, 59, 135, 134
59, 59, 60, 136, 135
60, 60, 61, 137, 136
61, 61, 62, 138, 137
62, 62, 63, 139, 138
63, 63, 64, 140, 139
64, 64, 65, 141, 140
65, 65, 66, 142, 141
66, 66, 67, 143, 142
67, 67, 68, 144, 143
68, 68, 69, 145, 144
69, 69, 70, 146, 145
70, 70, 71, 147, 146
71, 71, 72, 148, 147
72, 72, 73, 149, 148
73, 73, 74, 150, 149
74, 74, 75, 151, 150
75, 75, 76, 152, 151
76, 77, 78, 154, 153
77, 78, 79, 155, 154
78, 79, 80, 156, 155
79, 80, 81, 157, 156
80, 81, 82, 158, 157
81, 82, 83, 159, 158
82, 83, 84, 160, 159
83, 84, 85, 161, 160
84, 85, 86, 162, 161
85, 86, 87, 163, 162
86, 87, 88, 164, 163
87, 88, 89, 165, 164
88, 89, 90, 166, 165
89, 90, 91, 167, 166
90, 91, 92, 168, 167
91, 92, 93, 169, 168
92, 93, 94, 170, 169
93, 94, 95, 171, 170
94, 95, 96, 172, 171
95, 96, 97, 173, 172
96, 97, 98, 174, 173
97, 98, 99, 175, 174
98, 99, 100, 176, 175
99, 100, 101, 177, 176
100, 101, 102, 178, 177
101, 102, 103, 179, 178
102, 103, 104, 180, 179
103, 104, 105, 181, 180
104, 105, 106, 182, 181
105, 106, 107, 183, 182
106, 107, 108, 184, 183
107, 108, 109, 185, 184
108, 109, 110, 186, 185
109, 110, 111, 187, 186
110, 111, 112, 188, 187
111, 112, 113, 189, 188
112, 113, 114, 190, 189
113, 114, 115, 191, 190
114, 115, 116, 192, 191
115, 116, 117, 193, 192
116, 117, 118, 194, 193
117, 118, 119, 195, 194
118, 119, 120, 196, 195
119, 120, 121, 197, 196
120, 121, 122, 198, 197
121, 122, 123, 199, 198
122, 123, 124, 200, 199
123, 124, 125, 201, 200
124, 125, 126, 202, 201
125, 126, 127, 203, 202
126, 127, 128, 204, 203
127, 128, 129, 205, 204
128, 129, 130, 206, 205
129, 130, 131, 207, 206
130, 131, 132, 208, 207
131, 132, 133, 209, 208
132, 133, 134, 210, 209
133, 134, 135, 211, 210
134, 135, 136, 212, 211
135, 136, 137, 213, 212
136, 137, 138, 214, 213
137, 138, 139, 215, 214
138, 139, 140, 216, 215
139, 140, 141, 217, 216
140, 141, 142, 218, 217
141, 142, 143, 219, 218
142, 143, 144, 220, 219
143, 144, 145, 221, 220
144, 145, 146, 222, 221
145, 146, 147, 223, 222
146, 147, 148, 224, 223
147, 148, 149, 225, 224
148, 149, 150, 226, 225
149, 150, 151, 227, 226
150, 151, 152, 228, 227
151, 153, 154, 230, 229
152, 154, 155, 231, 230
153, 155, 156, 232, 231
154, 156, 157, 233, 232
155, 157, 158, 234, 233
156, 158, 159, 235, 234
157, 159, 160, 236, 235
158, 160, 161, 237, 236
159, 161, 162, 238, 237
160, 162, 163, 239, 238
161, 163, 164, 240, 239
162, 164, 165, 241, 240
163, 165, 166, 242, 241
164, 166, 167, 243, 242
165, 167, 168, 244, 243
166, 168, 169, 245, 244
167, 169, 170, 246, 245
168, 170, 171, 247, 246
169, 171, 172, 248, 247
170, 172, 173, 249, 248
171, 173, 174, 250, 249
172, 174, 175, 251, 250
173, 175, 176, 252, 251
174, 176, 177, 253, 252
175, 177, 178, 254, 253
176, 178, 179, 255, 254
177, 179, 180, 256, 255
178, 180, 181, 257, 256
179, 181, 182, 258, 257
180, 182, 183, 259, 258
181, 183, 184, 260, 259
182, 184, 185, 261, 260
183, 185, 186, 262, 261
184, 186, 187, 263, 262
185, 187, 188, 264, 263
186, 188, 189, 265, 264
187, 189, 190, 266, 265
188, 190, 191, 267, 266
189, 191, 192, 268, 267
190, 192, 193, 269, 268
191, 193, 194, 270, 269
192, 194, 195, 271, 270
193, 195, 196, 272, 271
194, 196, 197, 273, 272
195, 197, 198, 274, 273
196, 198, 199, 275, 274
197, 199, 200, 276, 275
198, 200, 201, 277, 276
199, 201, 202, 278, 277
200, 202, 203, 279, 278
201, 203, 204, 280, 279
202, 204, 205, 281, 280
203, 205, 206, 282, 281
204, 206, 207, 283, 282
205, 207, 208, 284, 283
206, 208, 209, 285, 284
207, 209, 210, 286, 285
208, 210, 211, 287, 286
209, 211, 212, 288, 287
210, 212, 213, 289, 288
211, 213, 214, 290, 289
212, 214, 215, 291, 290
213, 215, 216, 292, 291
214, 216, 217, 293, 292
215, 217, 218, 294, 293
216, 218, 219, 295, 294
217, 219, 220, 296, 295
218, 220, 221, 297, 296
219, 221, 222, 298, 297
220, 222, 223, 299, 298
221, 223, 224, 300, 299
222, 224, 225, 301, 300
223, 225, 226, 302, 301
224, 226, 227, 303, 302
225, 227, 228, 304, 303
226, 229, 230, 306, 305
227, 230, 231, 307, 306
228, 231, 232, 308, 307
229, 232, 233, 309, 308
230, 233, 234, 310, 309
231, 234, 235, 311, 310
232, 235, 236, 312, 311
233, 236, 237, 313, 312
234, 237, 238, 314, 313
235, 238, 239, 315, 314
236, 239, 240, 316, 315
237, 240, 241, 317, 316
238, 241, 242, 318, 317
239, 242, 243, 319, 318
240, 243, 244, 320, 319
241, 244, 245, 321, 320
242, 245, 246, 322, 321
243, 246, 247, 323, 322
244, 247, 248, 324, 323
245, 248, 249, 325, 324
246, 249, 250, 326, 325
247, 250, 251, 327, 326
248, 251, 252, 328, 327
249, 252, 253, 329, 328
250, 253, 254, 330, 329
251, 254, 255, 331, 330
252, 255, 256, 332, 331
253, 256, 257, 333, 332
254, 257, 258, 334, 333
255, 258, 259, 335, 334
256, 259, 260, 336, 335
257, 260, 261, 337, 336
258, 261, 262, 338, 337
259, 262, 263, 339, 338
260, 263, 264, 340, 339
261, 264, 265, 341, 340
262, 265, 266, 342, 341
263, 266, 267, 343, 342
264, 267, 268, 344, 343
265, 268, 269, 345, 344
266, 269, 270, 346, 345
267, 270, 271, 347, 346
268, 271, 272, 348, 347
269, 272, 273, 349, 348
270, 273, 274, 350, 349
271, 274, 275, 351, 350
272, 275, 276, 352, 351
273, 276, 277, 353, 352
274, 277, 278, 354, 353
275, 278, 279, 355, 354
276, 279, 280, 356, 355
277, 280, 281, 357, 356
278, 281, 282, 358, 357
279, 282, 283, 359, 358
280, 283, 284, 360, 359
281, 284, 285, 361, 360
282, 285, 286, 362, 361
283, 286, 287, 363, 362
284, 287, 288, 364, 363
285, 288, 289, 365, 364
286, 289, 290, 366, 365
287, 290, 291, 367, 366
288, 291, 292, 368, 367
289, 292, 293, 369, 368
290, 293, 294, 370, 369
291, 294, 295, 371, 370
292, 295, 296, 372, 371
293, 296, 297, 373, 372
294, 297, 298, 374, 373
295, 298, 299, 375, 374
296, 299, 300, 376, 375
297, 300, 301, 377, 376
298, 301, 302, 378, 377
299, 302, 303, 379, 378
300, 303, 304, 380, 379
*Nset, nset=PassiveSet, generate         
1, 380, 1
*Elset, elset=PassiveSet, generate         
1, 300, 1
**         
** The following aare the UEL elements for the active layer         
**         
*User Element,Nodes=4,Type=U1,Iproperties=2,Properties=14,            Coordinates=2,Variables=4,Unsymm         
 1,2,11,12         
*Element, type=U1
301, 305, 306, 382, 381
302, 306, 307, 383, 382
303, 307, 308, 384, 383
304, 308, 309, 385, 384
305, 309, 310, 386, 385
306, 310, 311, 387, 386
307, 311, 312, 388, 387
308, 312, 313, 389, 388
309, 313, 314, 390, 389
310, 314, 315, 391, 390
311, 315, 316, 392, 391
312, 316, 317, 393, 392
313, 317, 318, 394, 393
314, 318, 319, 395, 394
315, 319, 320, 396, 395
316, 320, 321, 397, 396
317, 321, 322, 398, 397
318, 322, 323, 399, 398
319, 323, 324, 400, 399
320, 324, 325, 401, 400
321, 325, 326, 402, 401
322, 326, 327, 403, 402
323, 327, 328, 404, 403
324, 328, 329, 405, 404
325, 329, 330, 406, 405
326, 330, 331, 407, 406
327, 331, 332, 408, 407
328, 332, 333, 409, 408
329, 333, 334, 410, 409
330, 334, 335, 411, 410
331, 335, 336, 412, 411
332, 336, 337, 413, 412
333, 337, 338, 414, 413
334, 338, 339, 415, 414
335, 339, 340, 416, 415
336, 340, 341, 417, 416
337, 341, 342, 418, 417
338, 342, 343, 419, 418
339, 343, 344, 420, 419
340, 344, 345, 421, 420
341, 345, 346, 422, 421
342, 346, 347, 423, 422
343, 347, 348, 424, 423
344, 348, 349, 425, 424
345, 349, 350, 426, 425
346, 350, 351, 427, 426
347, 351, 352, 428, 427
348, 352, 353, 429, 428
349, 353, 354, 430, 429
350, 354, 355, 431, 430
351, 355, 356, 432, 431
352, 356, 357, 433, 432
353, 357, 358, 434, 433
354, 358, 359, 435, 434
355, 359, 360, 436, 435
356, 360, 361, 437, 436
357, 361, 362, 438, 437
358, 362, 363, 439, 438
359, 363, 364, 440, 439
360, 364, 365, 441, 440
361, 365, 366, 442, 441
362, 366, 367, 443, 442
363, 367, 368, 444, 443
364, 368, 369, 445, 444
365, 369, 370, 446, 445
366, 370, 371, 447, 446
367, 371, 372, 448, 447
368, 372, 373, 449, 448
369, 373, 374, 450, 449
370, 374, 375, 451, 450
371, 375, 376, 452, 451
372, 376, 377, 453, 452
373, 377, 378, 454, 453
374, 378, 379, 455, 454
375, 379, 380, 456, 455
376, 381, 382, 458, 457
377, 382, 383, 459, 458
378, 383, 384, 460, 459
379, 384, 385, 461, 460
380, 385, 386, 462, 461
381, 386, 387, 463, 462
382, 387, 388, 464, 463
383, 388, 389, 465, 464
384, 389, 390, 466, 465
385, 390, 391, 467, 466
386, 391, 392, 468, 467
387, 392, 393, 469, 468
388, 393, 394, 470, 469
389, 394, 395, 471, 470
390, 395, 396, 472, 471
391, 396, 397, 473, 472
392, 397, 398, 474, 473
393, 398, 399, 475, 474
394, 399, 400, 476, 475
395, 400, 401, 477, 476
396, 401, 402, 478, 477
397, 402, 403, 479, 478
398, 403, 404, 480, 479
399, 404, 405, 481, 480
400, 405, 406, 482, 481
401, 406, 407, 483, 482
402, 407, 408, 484, 483
403, 408, 409, 485, 484
404, 409, 410, 486, 485
405, 410, 411, 487, 486
406, 411, 412, 488, 487
407, 412, 413, 489, 488
408, 413, 414, 490, 489
409, 414, 415, 491, 490
410, 415, 416, 492, 491
411, 416, 417, 493, 492
412, 417, 418, 494, 493
413, 418, 419, 495, 494
414, 419, 420, 496, 495
415, 420, 421, 497, 496
416, 421, 422, 498, 497
417, 422, 423, 499, 498
418, 423, 424, 500, 499
419, 424, 425, 501, 500
420, 425, 426, 502, 501
421, 426, 427, 503, 502
422, 427, 428, 504, 503
423, 428, 429, 505, 504
424, 429, 430, 506, 505
425, 430, 431, 507, 506
426, 431, 432, 508, 507
427, 432, 433, 509, 508
428, 433, 434, 510, 509
429, 434, 435, 511, 510
430, 435, 436, 512, 511
431, 436, 437, 513, 512
432, 437, 438, 514, 513
433, 438, 439, 515, 514
434, 439, 440, 516, 515
435, 440, 441, 517, 516
436, 441, 442, 518, 517
437, 442, 443, 519, 518
438, 443, 444, 520, 519
439, 444, 445, 521, 520
440, 445, 446, 522, 521
441, 446, 447, 523, 522
442, 447, 448, 524, 523
443, 448, 449, 525, 524
444, 449, 450, 526, 525
445, 450, 451, 527, 526
446, 451, 452, 528, 527
447, 452, 453, 529, 528
448, 453, 454, 530, 529
449, 454, 455, 531, 530
450, 455, 456, 532, 531
*Nset, nset=ActiveSet, generate         
305, 532, 1
*Elset, elset=ActiveSet, generate         
301, 450, 1
**         
** Make the dummy mesh used for visualization. These dummy elements         
** use the same nodes as the real mesh, but note the offset in         
** numbering of 10000, that shows up again in the UVARM subroutine.         
**         
**Element, type=CPE4
10301, 305, 306, 382, 381
10302, 306, 307, 383, 382
10303, 307, 308, 384, 383
10304, 308, 309, 385, 384
10305, 309, 310, 386, 385
10306, 310, 311, 387, 386
10307, 311, 312, 388, 387
10308, 312, 313, 389, 388
10309, 313, 314, 390, 389
10310, 314, 315, 391, 390
10311, 315, 316, 392, 391
10312, 316, 317, 393, 392
10313, 317, 318, 394, 393
10314, 318, 319, 395, 394
10315, 319, 320, 396, 395
10316, 320, 321, 397, 396
10317, 321, 322, 398, 397
10318, 322, 323, 399, 398
10319, 323, 324, 400, 399
10320, 324, 325, 401, 400
10321, 325, 326, 402, 401
10322, 326, 327, 403, 402
10323, 327, 328, 404, 403
10324, 328, 329, 405, 404
10325, 329, 330, 406, 405
10326, 330, 331, 407, 406
10327, 331, 332, 408, 407
10328, 332, 333, 409, 408
10329, 333, 334, 410, 409
10330, 334, 335, 411, 410
10331, 335, 336, 412, 411
10332, 336, 337, 413, 412
10333, 337, 338, 414, 413
10334, 338, 339, 415, 414
10335, 339, 340, 416, 415
10336, 340, 341, 417, 416
10337, 341, 342, 418, 417
10338, 342, 343, 419, 418
10339, 343, 344, 420, 419
10340, 344, 345, 421, 420
10341, 345, 346, 422, 421
10342, 346, 347, 423, 422
10343, 347, 348, 424, 423
10344, 348, 349, 425, 424
10345, 349, 350, 426, 425
10346, 350, 351, 427, 426
10347, 351, 352, 428, 427
10348, 352, 353, 429, 428
10349, 353, 354, 430, 429
10350, 354, 355, 431, 430
10351, 355, 356, 432, 431
10352, 356, 357, 433, 432
10353, 357, 358, 434, 433
10354, 358, 359, 435, 434
10355, 359, 360, 436, 435
10356, 360, 361, 437, 436
10357, 361, 362, 438, 437
10358, 362, 363, 439, 438
10359, 363, 364, 440, 439
10360, 364, 365, 441, 440
10361, 365, 366, 442, 441
10362, 366, 367, 443, 442
10363, 367, 368, 444, 443
10364, 368, 369, 445, 444
10365, 369, 370, 446, 445
10366, 370, 371, 447, 446
10367, 371, 372, 448, 447
10368, 372, 373, 449, 448
10369, 373, 374, 450, 449
10370, 374, 375, 451, 450
10371, 375, 376, 452, 451
10372, 376, 377, 453, 452
10373, 377, 378, 454, 453
10374, 378, 379, 455, 454
10375, 379, 380, 456, 455
10376, 381, 382, 458, 457
10377, 382, 383, 459, 458
10378, 383, 384, 460, 459
10379, 384, 385, 461, 460
10380, 385, 386, 462, 461
10381, 386, 387, 463, 462
10382, 387, 388, 464, 463
10383, 388, 389, 465, 464
10384, 389, 390, 466, 465
10385, 390, 391, 467, 466
10386, 391, 392, 468, 467
10387, 392, 393, 469, 468
10388, 393, 394, 470, 469
10389, 394, 395, 471, 470
10390, 395, 396, 472, 471
10391, 396, 397, 473, 472
10392, 397, 398, 474, 473
10393, 398, 399, 475, 474
10394, 399, 400, 476, 475
10395, 400, 401, 477, 476
10396, 401, 402, 478, 477
10397, 402, 403, 479, 478
10398, 403, 404, 480, 479
10399, 404, 405, 481, 480
10400, 405, 406, 482, 481
10401, 406, 407, 483, 482
10402, 407, 408, 484, 483
10403, 408, 409, 485, 484
10404, 409, 410, 486, 485
10405, 410, 411, 487, 486
10406, 411, 412, 488, 487
10407, 412, 413, 489, 488
10408, 413, 414, 490, 489
10409, 414, 415, 491, 490
10410, 415, 416, 492, 491
10411, 416, 417, 493, 492
10412, 417, 418, 494, 493
10413, 418, 419, 495, 494
10414, 419, 420, 496, 495
10415, 420, 421, 497, 496
10416, 421, 422, 498, 497
10417, 422, 423, 499, 498
10418, 423, 424, 500, 499
10419, 424, 425, 501, 500
10420, 425, 426, 502, 501
10421, 426, 427, 503, 502
10422, 427, 428, 504, 503
10423, 428, 429, 505, 504
10424, 429, 430, 506, 505
10425, 430, 431, 507, 506
10426, 431, 432, 508, 507
10427, 432, 433, 509, 508
10428, 433, 434, 510, 509
10429, 434, 435, 511, 510
10430, 435, 436, 512, 511
10431, 436, 437, 513, 512
10432, 437, 438, 514, 513
10433, 438, 439, 515, 514
10434, 439, 440, 516, 515
10435, 440, 441, 517, 516
10436, 441, 442, 518, 517
10437, 442, 443, 519, 518
10438, 443, 444, 520, 519
10439, 444, 445, 521, 520
10440, 445, 446, 522, 521
10441, 446, 447, 523, 522
10442, 447, 448, 524, 523
10443, 448, 449, 525, 524
10444, 449, 450, 526, 525
10445, 450, 451, 527, 526
10446, 451, 452, 528, 527
10447, 452, 453, 529, 528
10448, 453, 454, 530, 529
10449, 454, 455, 531, 530
10450, 455, 456, 532, 531
*Elset, elset=elDummy, generate         
10301, 10450, 1
**         
** Sets used for BCs         
**
*Nset, nset=Nall, generate         
 1, 532, 1
*Nset, nset=Top, generate         
 457, 532, 1
*Elset, elset=Top, generate         
 376, 450, 1
*Nset, nset=Bottom, generate         
 1, 76, 1
*Elset, elset=Bottom, generate         
 1, 75, 1
*Nset, nset=Left, generate         
 1, 457, 76
*Nset, nset=Left1, generate         
 77, 381, 76
*Elset, elset=Left, generate         
 1, 376, 75
*Nset, nset=Right, generate         
 76, 532, 76
*Nset, nset=Right1, generate         
 152, 456, 76
*Elset, elset=Right, generate         
 75, 450, 75
*Nset, nset=n1        
 76
*Nset, nset=n2        
 532
*Nset, nset=n3        
 457
*Nset, nset=n4        
 1
